# Name, z,    Radius         log(gbar)          log(gtot)      err_log(gtot)_low  err_log(gtot)_up
#             (kpc)           [m/s^2]             [m/s^2]         [m/s^2]             [m/s^2]
A0085 0.0556 96.386266 -10.337187171771959 -9.711734137774611 0.5792177168734689 0.47116479193291916
A0085 0.0556 252.513313 -10.692061563412361 -9.728032125322768 0.29145200261717186 0.17540531509382795
A0085 0.0556 356.05616 -10.767520371218883 -9.780571968470188 0.19923202493198744 0.11798182632212395
A0085 0.0556 440.332484 -10.811006037514334 -9.820962329006136 0.13998916787004845 0.08977360244980126
A0085 0.0556 510.003845 -10.841823645759904 -9.852140264078953 0.11209934642331199 0.07473952081816115
A0085 0.0556 570.962712 -10.866700189035377 -9.87673041511136 0.09372882059478904 0.06465124013742951
A0085 0.0556 634.577877 -10.891706537242856 -9.901762340037298 0.07975289479860415 0.05550641774192577
A0085 0.0556 710.023501 -10.920263090062347 -9.930508174565436 0.06820738574679908 0.04858541795225335
A0085 0.0556 792.406851 -10.950101488333868 -9.958636503560978 0.05972725605950835 0.04383575270295026
A0085 0.0556 876.053717 -10.979137642121756 -9.987544953453224 0.051934427687777784 0.04348810753061905
A0085 0.0556 965.088154 -11.008520908493473 -10.018497707076028 0.043356513276261666 0.04527247731109263
A0085 0.0556 1062.815094 -11.038634879359902 -10.04723707720847 0.040516879805391426 0.04428165241487747
A0085 0.0556 1156.946791 -11.066142897710648 -10.072956637077871 0.040148260386171586 0.045066655049998516
A0085 0.0556 1248.23565 -11.092157442008121 -10.09721841229151 0.039952227163281506 0.04597801877135588
A0085 0.0556 1361.091156 -11.1237074308886 -10.124079879831994 0.04243061136740245 0.04592183155307339
A0085 0.0556 1506.872573 -11.16462403856058 -10.159151653754042 0.041484498835648864 0.049759815590283196
A0085 0.0556 1827.744077 -11.253556271966206 -10.228964431953456 0.03989068621371672 0.0552524140424957
A1795 0.0616 731.69187 -10.994353219121702 -10.095814975091203 0.149397617405576 0.11469174815439942
A1795 0.0616 1676.818482 -11.311777206465118 -10.466425952081563 0.0632167435955111 0.06640589650249318
A1795 0.0616 2180.993647 -11.447935481138312 -10.586743363354996 0.0538565261577979 0.054201102695573766
A1795 0.0616 3054.816132 -11.623373218079745 -10.747063971025572 0.04258435200484456 0.04721416935581324
A2029 0.0767 67.8289 -9.817143601068754 -9.031022308178816 0.27571295313526356 0.3377598630269443
A2029 0.0767 202.175886 -10.39576570127563 -9.291965873349673 0.15724108259700031 0.12360390283868661
A2029 0.0767 335.796675 -10.569736625880218 -9.488468825596694 0.09580816210757703 0.06812085900120302
A2029 0.0767 454.810867 -10.664934769567923 -9.621664916243866 0.0653827310265509 0.04642489468974631
A2029 0.0767 539.315153 -10.717891020768569 -9.700248863958462 0.05422294809699579 0.03740096817743499
A2029 0.0767 622.638983 -10.76327554309749 -9.770474207007464 0.047320059199153164 0.03360427128270338
A2029 0.0767 721.752349 -10.811336914677446 -9.843255934514042 0.041174356056092876 0.030908128289135917
A2029 0.0767 822.505545 -10.855680264467386 -9.908402841214498 0.03724248587529999 0.028818028616987235
A2029 0.0767 931.511982 -10.899304385805511 -9.972116605656497 0.033517951205716656 0.028518104457191384
A2029 0.0767 1037.383614 -10.93779578233414 -10.028409057886563 0.031161430132005563 0.028734427931873086
A2029 0.0767 1136.852191 -10.971331331399634 -10.076314098308169 0.03133054271484248 0.028052707075328698
A2029 0.0767 1246.6442 -11.006277124288642 -10.124352018117545 0.032182494180101884 0.02796495481807426
A2029 0.0767 1363.21489 -11.041187126052952 -10.172343125501815 0.03189851222511031 0.027325154686760555
A2029 0.0767 1486.951127 -11.075671860247882 -10.219661680801483 0.031851414233743824 0.027007581755395194
A2029 0.0767 1609.848592 -11.108028665191032 -10.263462610689956 0.031560778564463376 0.027389589295010452
A2029 0.0767 1722.530397 -11.136983146666843 -10.301333557900984 0.030890982821816237 0.028235894949093066
A2029 0.0767 1857.399726 -11.171732178961324 -10.344405545305642 0.02950794675161994 0.029766291430762593
A2029 0.0767 1992.105319 -11.205661958926646 -10.385088104587583 0.028232925019688437 0.031141163586422493
A2029 0.0767 2105.294841 -11.233011479259046 -10.417429139682 0.026734879734963357 0.03162838638644594
A2029 0.0767 2205.682898 -11.256217976961697 -10.444933997807317 0.02505856706332743 0.03154580508078908
A2029 0.0767 2283.260738 -11.27159997194549 -10.46536078146554 0.0237890607271396 0.03135222086049794
A2029 0.0767 2374.752508 -11.288880972641577 -10.488815346171117 0.02225616189923585 0.030806430687434272
A2029 0.0767 2481.433034 -11.308216916215251 -10.514863422436951 0.020566445595488148 0.030201768807611273
A2029 0.0767 2576.373375 -11.324745041531326 -10.537216327782474 0.019561153529352282 0.029245234339466464
A2029 0.0767 2680.629616 -11.34221415676079 -10.560706143358606 0.018558596870764887 0.028193099620748896
A2029 0.0767 2801.078292 -11.361577829658463 -10.586689936350288 0.01801493316394165 0.026842774004302683
A2029 0.0767 2937.963722 -11.382607196460414 -10.614862612611685 0.0181536347955511 0.02513466370572459
A2029 0.0767 3124.5957 -11.409766375052445 -10.651516940238421 0.01839895181672091 0.02336740973856699
A2029 0.0767 3380.833435 -11.444544892713218 -10.698814280651382 0.01883526712321526 0.021880608400429935
A2029 0.0767 3819.845983 -11.498458682203344 -10.772756680715466 0.020373430633283007 0.021482834806306528
A2029 0.0767 4498.707879 -11.570757887884447 -10.871920936823152 0.02466335352210791 0.023826840710636787
A2029 0.0767 5426.864664 -11.653716141070102 -10.988171071429687 0.03128500648671384 0.03170913469664072
A2142 0.0899 95.95727 -10.412361235007554 -9.498179131301606 0.30908782563835047 0.22895155677540124
A2142 0.0899 245.171654 -10.588562249671602 -9.723848100216065 0.17252485968974618 0.12189070092817822
A2142 0.0899 346.60124 -10.648700445113464 -9.820918656989612 0.1317598412179386 0.0957639666796748
A2142 0.0899 429.705638 -10.691526259186992 -9.881656750730142 0.11968991957156128 0.07830204275338204
A2142 0.0899 524.036592 -10.730553540588135 -9.937521774303525 0.10973880457299856 0.06525371743780362
A2142 0.0899 610.365492 -10.760734033912076 -9.981863349481909 0.10187697177293487 0.05897916176293805
A2142 0.0899 695.834036 -10.787721481774048 -10.019683194437699 0.09392779153569464 0.05354587881296702
A2142 0.0899 793.60767 -10.817211522174063 -10.059489225797213 0.08373959841925327 0.04986238922075259
A2142 0.0899 860.161264 -10.836872632286621 -10.082725964849018 0.07843359384079207 0.046941642690509155
A2142 0.0899 933.531848 -10.858296204492518 -10.106598858696652 0.0740973327774821 0.04416383684204028
A2142 0.0899 1036.130443 -10.88778860156888 -10.137903977304935 0.06800483778005173 0.04151896201088867
A2142 0.0899 1129.807731 -10.914129119724304 -10.163075262067855 0.06327040228009828 0.03805232255165336
A2142 0.0899 1205.956589 -10.935071571983071 -10.181149769486733 0.05950153566757699 0.034604458287093465
A2142 0.0899 1297.04959 -10.959409987415814 -10.201776975510011 0.055978192929000414 0.032007040975075896
A2142 0.0899 1390.387601 -10.983509843516659 -10.221507609794934 0.05314022003720176 0.02997367973772569
A2142 0.0899 1482.100027 -11.006564276314855 -10.239772803529455 0.050122835647620434 0.02787021338642859
A2142 0.0899 1596.45116 -11.034284773229812 -10.261109528377238 0.046175831931854816 0.025518006823270767
A2142 0.0899 1717.911098 -11.062763289944412 -10.282169263604837 0.04185281057846524 0.023627458861559703
A2142 0.0899 1818.022511 -11.08542009322969 -10.29858879709936 0.038395711296484336 0.022329696416507616
A2142 0.0899 1912.520354 -11.106279837957224 -10.313305371634057 0.03579052968641783 0.021209626889756805
A2142 0.0899 2015.082611 -11.128317458888343 -10.327987123825416 0.03337775034629864 0.019609221488241957
A2142 0.0899 2117.965914 -11.149912255696728 -10.342202013636632 0.03117750343186998 0.01825499129503605
A2142 0.0899 2209.573955 -11.168675345006609 -10.354494679038362 0.029340678087640626 0.017312764977395645
A2142 0.0899 2318.740321 -11.190318382896558 -10.368411160722324 0.02685722818484315 0.016647353298109735
A2142 0.0899 2426.457466 -11.210314848142582 -10.381614987813961 0.02463309915834344 0.01622224625170432
A2142 0.0899 2500.017482 -11.22341832135229 -10.390075321179037 0.02339900914000026 0.01614088831277094
A2142 0.0899 2585.863251 -11.238317619154868 -10.399852145693417 0.022080391259596155 0.01605368505416571
A2142 0.0899 2661.777993 -11.25115961006083 -10.408336638472985 0.02076140553285022 0.016386819926751173
A2142 0.0899 2732.305703 -11.262821756907984 -10.416135367318734 0.01962032166390948 0.016682239997644288
A2142 0.0899 2847.677344 -11.281371291048387 -10.428147151650052 0.018400232950291695 0.01698927611758627
A2142 0.0899 2952.778963 -11.297730678612798 -10.438506841299926 0.017766486629556155 0.017138992489478255
A3158 0.059 106.537517 -10.56406215553929 -9.602472126499768 0.3839883441461023 0.2690622962191256
A3158 0.059 287.651677 -10.838825059720461 -9.800225313139592 0.20529200144352266 0.13913308220735487
A3158 0.059 441.057163 -10.89858463166663 -9.923666562319358 0.170664455886973 0.12303566786311748
A3158 0.059 592.728161 -10.961323863290499 -10.018065573097074 0.15101586014864488 0.1138710077264804
A3158 0.059 760.611389 -11.02642339768663 -10.105025349002638 0.13360513521525164 0.1091065834359739
A3158 0.059 921.617664 -11.081536592802458 -10.173673847541888 0.11933439698697157 0.10591291571612871
A3158 0.059 1049.617879 -11.121847923537382 -10.221039373184125 0.10935582022220736 0.10102910454954817
A0262 0.0161 162.612903 -11.04822730627226 -9.860425878424339 0.2183717509378944 0.15927594404960566
A0262 0.0161 662.887994 -11.322048985532502 -10.425458697741215 0.09282822966952686 0.08086957407732953
A0262 0.0161 1537.550713 -11.457571336091716 -10.787132907424676 0.05600183619405108 0.055452628423491745
A2589 0.0416 143.54067 -10.769206402584896 -9.49337054307877 0.2761353637938715 0.20547556901322217
A2589 0.0416 508.935561 -10.963816035921546 -9.979108084465153 0.09810167109483992 0.08952120572604727
A2589 0.0416 1084.508555 -11.142159967239708 -10.335014370694152 0.06689205946979371 0.06582325106181663
A3571 0.0397 174.809434 -10.566938573833296 -9.565547467196984 0.3034324889479052 0.20966021485900121
A3571 0.0397 495.292108 -10.590880796198539 -9.80526196617205 0.0931116071746576 0.06426125096925617
A3571 0.0397 908.515496 -10.678733882924062 -10.00719713697216 0.05323035815518651 0.0579451222877605
A0576 0.0381 227.797294 -11.098089114312561 -9.721855490357399 0.2967514515686229 0.18595359943808987
A0576 0.0381 652.591067 -11.160635521681876 -10.033259678218588 0.11861069007951563 0.08800028632732193
A0576 0.0381 1110.144762 -11.231679865382697 -10.222745254849267 0.06891794977706489 0.07130282084380823
A0496 0.0328 91.906267 -10.423154014033567 -9.445785139840249 0.3953357533687054 0.2493926559628381
A0496 0.0328 271.572564 -10.742362763830696 -9.67489516378467 0.1299301006071243 0.09887245742772244
A0496 0.0328 426.394804 -10.838198531332988 -9.827393406372522 0.07404302315441491 0.06935648927547255
A0496 0.0328 597.648609 -10.907211685314605 -9.95399883717146 0.05360743552477487 0.057994497868513406
A0496 0.0328 931.443064 -10.998079441364887 -10.141803941823378 0.052041417911398824 0.059800141538215
