Name	R	Vobs	Vgas	Vst	Qmax	Qpop
u2885	6.68	256	0	223.8057	1.733333	0.5066667
u2885	13.4	271	0	188.8306	1.733333	0.5066667
u2885	19.1	282	0	213.0634	1.733333	0.5066667
u2885	22.9	287	28.5	215.7244	1.733333	0.5066667
u2885	26.7	283	39.8	214.7073	1.733333	0.5066667
u2885	30.6	280	44.6	218.3644	1.733333	0.5066667
u2885	34.4	280	49.8	219.039	1.733333	0.5066667
u2885	38.2	281	59.1	209.0769	1.733333	0.5066667
u2885	42	282	66.5	198.4235	1.733333	0.5066667
u2885	45.8	287	64.4	190.6923	1.733333	0.5066667
u2885	49.7	292	70.5	183.1154	1.733333	0.5066667
u2885	53.5	298	78.4	178.4248	1.733333	0.5066667
u2885	57.3	298	82.5	167.3898	1.733333	0.5066667
u2885	61.1	298	82.5	158.335	1.733333	0.5066667
u2885	64.9	298	82	151.1651	1.733333	0.5066667
u2885	68.8	298	85	145.8664	1.733333	0.5066667
u2885	72.6	298	85.4	140.6517	1.733333	0.5066667
n5533	8.64	297	14.2	283.8596	7.941176	0.7441176
n5533	14.4	273	25.9	233.201	7.941176	0.7441176
n5533	20.2	273	31.9	199.0389	7.941176	0.7441176
n5533	25.9	271	43.3	177.5029	7.941176	0.7441176
n5533	37.4	245	44	149.3801	7.941176	0.7441176
n5533	43.2	240	45.5	139.0696	7.941176	0.7441176
n5533	49	243	48.1	132.2695	7.941176	0.7441176
n5533	54.7	245	50.6	123.853	7.941176	0.7441176
n5533	60.5	244	48.5	117.1155	7.941176	0.7441176
n5533	66.2	237	45.2	111.5968	7.941176	0.7441176
n5533	72	227	46.7	107.1905	7.941176	0.7441176
n6674	12	291	0	245.4084	6.923077	0.4346154
n6674	16.7	274	0	213.3902	6.923077	0.4346154
n6674	21.5	266	22.9	189.299	6.923077	0.4346154
n6674	26.3	255	34.7	172.4236	6.923077	0.4346154
n6674	31.1	250	41.3	159.0919	6.923077	0.4346154
n6674	35.9	242	44.6	148.2464	6.923077	0.4346154
n6674	40.6	237	48.6	140.4451	6.923077	0.4346154
n6674	45.4	235	49.8	133.0795	6.923077	0.4346154
n6674	50.2	236	47.6	125.4792	6.923077	0.4346154
n6674	55	242	49.6	119.6202	6.923077	0.4346154
n6674	59.8	246	49.9	114.962	6.923077	0.4346154
n6674	64.5	242	47.3	110.4616	6.923077	0.4346154
n6674	69.3	242	43.8	106.2078	6.923077	0.4346154
n3992	6.01	248	0	234	1.183674	0.4244898
n3992	9.02	264	5.31	250	1.183674	0.4244898
n3992	12	272	25.5	262	1.183674	0.4244898
n3992	15	271	37.4	241	1.183674	0.4244898
n3992	18	264	42.3	215	1.183674	0.4244898
n3992	21	242	39.9	192	1.183674	0.4244898
n3992	24	244	37.8	176	1.183674	0.4244898
n3992	27.1	241	36.6	163	1.183674	0.4244898
n3992	30.1	237	36.3	153	1.183674	0.4244898
n7331	4.876009	253	0.024429	249.6765	2.32	0.576
n7331	5.417788	257	0.051156	246.6995	2.32	0.576
n7331	5.959567	257	1.95924	243.5606	2.32	0.576
n7331	6.501345	257	9.50852	241.521	2.32	0.576
n7331	7.584903	257	15.0104	235.6816	2.32	0.576
n7331	8.668461	255	20.7524	223.6728	2.32	0.576
n7331	9.752018	248	26.9816	218.3257	2.32	0.576
n7331	10.83558	247	33.0832	214.8848	2.32	0.576
n7331	11.91913	246	39.0224	211.1792	2.32	0.576
n7331	13.00269	244	44.6716	207.3302	2.32	0.576
n7331	14.08625	242	49.1492	203.7123	2.32	0.576
n7331	15.16981	238	52.0724	199.1313	2.32	0.576
n7331	16.25336	236	54.9956	193.1286	2.32	0.576
n7331	17.33692	233	58.7656	188.0837	2.32	0.576
n7331	18.42048	234	63.046	185.0074	2.32	0.576
n7331	19.50404	236	66.6304	183.0793	2.32	0.576
n7331	20.58759	237	69.1476	180.9028	2.32	0.576
n7331	21.67115	238	71.3284	178.0612	2.32	0.576
n7331	22.75471	240	73.2308	174.4981	2.32	0.576
n7331	23.83827	238	73.6136	170.5607	2.32	0.576
n7331	24.92182	237	72.4884	166.2595	2.32	0.576
n7331	26.00538	236	71.4444	161.7054	2.32	0.576
n7331	27.08894	238	70.6208	157.1354	2.32	0.576
n7331	28.1725	239	69.1824	153.1842	2.32	0.576
n7331	29.25605	239	67.0828	149.3764	2.32	0.576
n7331	30.33961	241	64.6352	145.7238	2.32	0.576
n7331	31.42317	236	62.4196	142.5775	2.32	0.576
n7331	32.50673	236	61.2248	139.8446	2.32	0.576
n7331	33.59028	239	60.552	137.0272	2.32	0.576
n7331	34.67384	237	59.4964	134.5057	2.32	0.576
n7331	35.7574	241	58.058	132.2785	2.32	0.576
n3953	6.01	216	0	204	1	0.7370371
n3953	7.51	223	8.41	205	1	0.7370371
n3953	9.02	224	17.8	197	1	0.7370371
n3953	10.5	223	26.8	193	1	0.7370371
n3953	12	224	33	189	1	0.7370371
n3953	13.2	234	34.4	182	1	0.7370371
n3953	13.5	215	34.8	180	1	0.7370371
n5907	6.4	235	0	221.452	1.205128	0.674359
n5907	8	235	13.5	216.1342	1.205128	0.674359
n5907	9.6	230	19.5	208.3867	1.205128	0.674359
n5907	11.2	231	24.8	201.1536	1.205128	0.674359
n5907	12.8	232	33.7	191.9901	1.205128	0.674359
n5907	14.4	225	42.8	183.3652	1.205128	0.674359
n5907	16	224	39.7	175.1207	1.205128	0.674359
n5907	17.6	229	43.3	168.0425	1.205128	0.674359
n5907	19.2	218	51.1	165.6483	1.205128	0.674359
n5907	20.8	214	49.1	151.0008	1.205128	0.674359
n5907	22.4	213	51.8	143.6078	1.205128	0.674359
n5907	24	211	49.4	137.1942	1.205128	0.674359
n5907	25.6	217	50.4	131.8042	1.205128	0.674359
n5907	27.2	216	48.4	127.3862	1.205128	0.674359
n5907	28.8	215	48.3	123.0182	1.205128	0.674359
n5907	30.4	217	47.9	119.6194	1.205128	0.674359
n5907	32	214	49.7	116.2702	1.205128	0.674359
n2998	7.47	206	16.7	172.8178	2.333333	0.5833333
n2998	12.3	214	31.8	159.9281	2.333333	0.5833333
n2998	17.2	212	44.4	151.5004	2.333333	0.5833333
n2998	22.1	213	52	135.9016	2.333333	0.5833333
n2998	27	214	57.9	125.3138	2.333333	0.5833333
n2998	31.8	213	63.4	110.294	2.333333	0.5833333
n2998	36.7	213	65.5	101.1124	2.333333	0.5833333
n2998	41.6	203	63.9	94.27757	2.333333	0.5833333
n2998	46.5	198	62.5	88.71104	2.333333	0.5833333
n801	10.5	229	23.1	175.8551	6	0.95
n801	17.5	225	37.3	146.7353	6	0.95
n801	24.4	220	47	130.4383	6	0.95
n801	31.4	222	59	121.8017	6	0.95
n801	38.4	219	61.5	115.7209	6	0.95
n801	45.4	214	58.2	100.905	6	0.95
n801	52.4	216	58.7	92.57349	6	0.95
n801	59.3	216	66.6	86.26268	6	0.95
n5371	1.24	216	0	209.957	2.125	0.975
n5371	4.95	214	0	210.7318	2.125	0.975
n5371	6.18	215	0	204.5108	2.125	0.975
n5371	7.42	221	0	195.5096	2.125	0.975
n5371	9.89	233	10.4	199.5294	2.125	0.975
n5371	12.4	237	25.4	190.3182	2.125	0.975
n5371	14.8	242	37.7	182.2224	2.125	0.975
n5371	17.3	241	47.4	186.0108	2.125	0.975
n5371	19.8	240	53.5	177.8595	2.125	0.975
n5371	22.3	234	52.7	163.9263	2.125	0.975
n5371	24.7	226	51.1	152.1244	2.125	0.975
n5371	27.2	213	48.9	143.9528	2.125	0.975
n5371	29.7	207	46.9	143.3375	2.125	0.975
n5371	32.1	208	44.6	130.1876	2.125	0.975
n5371	34.6	209	41.8	124.2524	2.125	0.975
n5371	37.1	207	39.4	119.2742	2.125	0.975
n5371	39.6	213	37.9	114.9679	2.125	0.975
n5033	5.19	225	19.5	213	1	0.226087
n5033	6.06	222	21.4	201	1	0.226087
n5033	7.79	220	24.8	185	1	0.226087
n5033	9.52	218	26.3	191	1	0.226087
n5033	11.3	219	31.7	177	1	0.226087
n5033	13	217	36.3	172	1	0.226087
n5033	14.7	218	39.8	168	1	0.226087
n5033	16.4	220	45.2	166	1	0.226087
n5033	18.2	222	49.4	166	1	0.226087
n5033	19.9	218	50.8	158	1	0.226087
n5033	21.6	217	49.4	143	1	0.226087
n5033	23.4	207	46.4	135	1	0.226087
n5033	25.1	199	44.7	129	1	0.226087
n5033	26.8	191	42.4	124	1	0.226087
n5033	28.6	193	40.7	119	1	0.226087
n5033	30.3	192	39.4	115	1	0.226087
n5033	32	194	38.3	112	1	0.226087
n5033	33.8	196	37.3	108	1	0.226087
n3893	4.51	194	25.5	178	1.3	0.53
n3893	6.01	190	39.5	173	1.3	0.53
n3893	7.59	186	44.8	162	1.3	0.53
n3893	9.39	188	42.2	147	1.3	0.53
n3893	11.3	187	40.2	132	1.3	0.53
n4157	4.51	192	19.9	173	1.291667	0.675
n4157	6.01	201	22.6	178	1.291667	0.675
n4157	7.51	201	28.3	172	1.291667	0.675
n4157	9.02	194	38.9	160	1.291667	0.675
n4157	10.5	190	47.9	149	1.291667	0.675
n4157	12	186	46.5	141	1.291667	0.675
n4157	13.5	184	44.9	133	1.291667	0.675
n4157	15	182	48.3	127	1.291667	0.675
n4157	16.5	181	46.9	120	1.291667	0.675
n4157	18	183	44.6	115	1.291667	0.675
n4157	19.5	185	48.5	110	1.291667	0.675
n4157	21	186	46.7	104	1.291667	0.675
n2903	1.861683	189	5.09356	156.5724	1	0.2888889
n2903	2.171963	195	8.10144	177.1472	1	0.2888889
n2903	5.585048	210	25.3808	205.3717	1	0.2888889
n2903	6.51589	205	24.5108	192.5596	1	0.2888889
n2903	7.446731	203	24.8008	181.8011	1	0.2888889
n2903	8.377573	201	25.0096	173.963	1	0.2888889
n2903	9.308414	201	27.2136	168.8947	1	0.2888889
n2903	10.23925	199	32.2016	163.8264	1	0.2888889
n2903	11.1701	197	36.656	157.7971	1	0.2888889
n2903	12.10094	196	37.2824	151.1084	1	0.2888889
n2903	13.03178	193	35.7744	144.8719	1	0.2888889
n2903	13.96262	190	34.7884	139.1441	1	0.2888889
n2903	14.89346	188	34.4752	134.2264	1	0.2888889
n2903	15.8243	187	33.9068	129.5538	1	0.2888889
n2903	16.75515	188	32.6772	125.4463	1	0.2888889
n2903	17.68599	186	31.9812	121.4896	1	0.2888889
n2903	18.61683	185	31.4476	117.5518	1	0.2888889
n2903	19.54767	185	30.7516	114.0473	1	0.2888889
n2903	20.47851	181	30.3804	111.0326	1	0.2888889
n2903	21.40935	178	30.218	108.5456	1	0.2888889
n2903	22.34019	177	29.87	106.0773	1	0.2888889
n2903	23.27103	182	30.2528	103.7787	1	0.2888889
n2903	24.20188	180	30.392	101.9699	1	0.2888889
n4217	3.01	164	12.6	161	1.090909	1.15
n4217	3.76	174	14.3	168	1.090909	1.15
n4217	4.51	175	18.7	168	1.090909	1.15
n4217	5.26	184	22	169	1.090909	1.15
n4217	6.01	185	19.9	166	1.090909	1.15
n4217	6.76	188	22.7	164	1.090909	1.15
n4217	7.51	190	25.9	159	1.090909	1.15
n4217	8.27	191	28.5	157	1.090909	1.15
n4217	9.02	191	30.5	150	1.090909	1.15
n4217	9.77	189	31.5	146	1.090909	1.15
n4217	10.5	186	30.5	142	1.090909	1.15
n4217	11.3	183	30.1	137	1.090909	1.15
n4217	12	179	29.1	132	1.090909	1.15
n4217	12.8	177	28.3	128	1.090909	1.15
n4217	13.6	177	29.1	124	1.090909	1.15
n4013	5.31	195	9.41	189	1.290323	1.03871
n4013	5.96	194	17.7	185	1.290323	1.03871
n4013	6.62	195	22.3	178	1.290323	1.03871
n4013	7.2	195	24.7	172	1.290323	1.03871
n4013	7.85	195	26.6	165	1.290323	1.03871
n4013	8.51	192	27.6	160	1.290323	1.03871
n4013	9.09	188	27.5	155	1.290323	1.03871
n4013	9.74	186	27.3	150	1.290323	1.03871
n4013	10.4	186	27.7	145	1.290323	1.03871
n4013	11	186	28.3	141	1.290323	1.03871
n4013	11.6	185	29.3	136	1.290323	1.03871
n4013	12.9	163	30.6	128	1.290323	1.03871
n4013	13.5	162	30.1	125	1.290323	1.03871
n4013	14.1	164	29.5	122	1.290323	1.03871
n4013	14.8	166	28.6	119	1.290323	1.03871
n4013	15.4	166	27.5	116	1.290323	1.03871
n4013	16	166	26.5	114	1.290323	1.03871
n4013	16.7	166	25.9	111	1.290323	1.03871
n4013	17.3	168	25.3	109	1.290323	1.03871
n4013	17.9	172	24.5	107	1.290323	1.03871
n4013	18.5	173	24.1	105	1.290323	1.03871
n4013	19.2	171	24.2	103	1.290323	1.03871
n4013	19.8	170	24.5	101	1.290323	1.03871
n4013	20.4	172	25.2	99.8	1.290323	1.03871
n4013	21	173	26.8	98.1	1.290323	1.03871
n4013	21.7	176	28	97.2	1.290323	1.03871
n4013	22.3	178	27.8	95.8	1.290323	1.03871
n4013	22.9	180	27.5	94.6	1.290323	1.03871
n4013	23.6	180	27	93.8	1.290323	1.03871
n4013	24.2	180	26.4	92	1.290323	1.03871
n4013	24.8	180	26	91	1.290323	1.03871
n4013	25.5	178	25.6	90.7	1.290323	1.03871
n4013	26.1	174	25.6	89.5	1.290323	1.03871
n3521	10.2	210	0	182.4863	1.407407	0.6518518
n3521	12.8	210	0	162.1488	1.407407	0.6518518
n3521	15.4	206	0	145.9109	1.407407	0.6518518
n3521	17.9	206	0	132.7337	1.407407	0.6518518
n3521	20.5	206	0	121.6183	1.407407	0.6518518
n4088	4.51	162	15.7	132	1.545455	0.8090909
n4088	6.01	179	29.3	145	1.545455	0.8090909
n4088	7.51	182	39.2	147	1.545455	0.8090909
n4088	9.02	179	45.2	143	1.545455	0.8090909
n4088	10.5	174	49.8	134	1.545455	0.8090909
n4088	12	171	50.8	123	1.545455	0.8090909
n4088	13.5	168	50.7	113	1.545455	0.8090909
n4088	15	165	49.9	105	1.545455	0.8090909
n4088	18.5	174	46.6	91.7	1.545455	0.8090909
u6973	3.01	170	18.8	166	1	1.4592592
u6973	3.76	170	21.8	148	1	1.4592592
u6973	4.58	171	26.6	133	1	1.4592592
u6973	5.41	174	30.8	121	1	1.4592592
u6973	6.31	178	29.8	111	1	1.4592592
u6973	6.76	180	28.5	107	1	1.4592592
n3877	3.76	153	13.4	128	1.411765	1.035294
n3877	4.51	160	17.1	135	1.411765	1.035294
n3877	5.26	162	20.5	142	1.411765	1.035294
n3877	6.01	167	23.3	145	1.411765	1.035294
n3877	6.76	169	24.8	146	1.411765	1.035294
n3877	7.51	171	26.2	145	1.411765	1.035294
n3877	8.27	171	27.5	143	1.411765	1.035294
n3877	9.02	170	28.1	139	1.411765	1.035294
n3877	9.77	169	28.1	136	1.411765	1.035294
n4100	3.76	168	12.2	151	1.208333	0.6
n4100	4.51	182	15.2	168	1.208333	0.6
n4100	5.26	190	17.8	180	1.208333	0.6
n4100	6.01	194	20.1	184	1.208333	0.6
n4100	6.76	195	21.7	180	1.208333	0.6
n4100	7.51	193	22.7	173	1.208333	0.6
n4100	8.27	192	23.2	163	1.208333	0.6
n4100	9.02	192	23.8	155	1.208333	0.6
n4100	9.77	191	24.8	148	1.208333	0.6
n4100	10.5	189	26.3	145	1.208333	0.6
n4100	11.3	185	28.4	141	1.208333	0.6
n4100	12	182	30.2	137	1.208333	0.6
n4100	12.8	179	31.9	132	1.208333	0.6
n4100	13.5	176	33.8	128	1.208333	0.6
n4100	14.3	174	35.6	123	1.208333	0.6
n4100	15	178	36.1	119	1.208333	0.6
n4100	15.8	177	35.2	115	1.208333	0.6
n4100	16.5	169	34.3	112	1.208333	0.6
n4100	17.3	158	33.5	109	1.208333	0.6
n4100	18.1	158	32.4	106	1.208333	0.6
n3949	2.25	145	13.2	136	1.25	0.6875
n3949	3.01	152	22.7	141	1.25	0.6875
n3949	3.76	157	30.1	132	1.25	0.6875
n3726	4.51	125	0	109	1.8	0.7
n3726	6.01	145	8.13	115	1.8	0.7
n3726	7.51	164	22.1	118	1.8	0.7
n3726	9.02	162	28.9	117	1.8	0.7
n3726	10.5	160	34.6	116	1.8	0.7
n3726	12	156	43.1	112	1.8	0.7
n3726	13.8	146	49.3	106	1.8	0.7
n3726	19.2	158	44.7	81.4	1.8	0.7
n6946	5.88	134	8.57	91.9	2.2	1.14
n6946	7.34	147	17.1	98.2	2.2	1.14
n6946	8.81	160	19.7	107	2.2	1.14
n6946	13.2	170	45.8	114	2.2	1.14
n6946	14.7	169	48.9	113	2.2	1.14
n6946	16.2	166	53.5	99.8	2.2	1.14
n6946	17.6	163	51.1	91.1	2.2	1.14
n6946	19.1	163	50.4	85.3	2.2	1.14
n6946	20.6	166	48.2	80.8	2.2	1.14
n6946	22	165	50.1	77.2	2.2	1.14
n6946	23.5	165	53.8	74	2.2	1.14
n6946	25	166	59.5	71.3	2.2	1.14
n6946	26.4	164	63.5	68.9	2.2	1.14
n6946	27.9	161	59.4	66.8	2.2	1.14
n6946	29.4	159	60.1	64.8	2.2	1.14
n4051	4.51	140	8.43	121	1.583333	1.15
n4051	6.01	160	17.1	128	1.583333	1.15
n4051	7.51	162	27	127	1.583333	1.15
n4051	8.64	170	31.2	123	1.583333	1.15
n4051	9.02	154	32.4	120	1.583333	1.15
n2683	4.5	206	0	195.6114	1.206897	0.2689655
n2683	6	200	0	170.845	1.206897	0.2689655
u5999	5.461	111.9	20.11	80.78	3	1
u5999	7.646	132.9	26.18	74.71	3	1
u5999	9.83	141.3	30.9	82.64	3	1
u5999	12.01	148.9	33.75	83.7	3	1
u5999	14.2	153.3	36.75	83.19	3	1
n4138	4.51	195	18.3	175	1.4	0.848571
n3917	3.01	101	6.85	70.5	1.846154	0.9846154
n3917	3.76	107	12.4	78.4	1.846154	0.9846154
n3917	4.51	115	13	86	1.846154	0.9846154
n3917	5.26	123	11.3	90.9	1.846154	0.9846154
n3917	6.01	130	17	94.5	1.846154	0.9846154
n3917	6.76	134	19.8	95.9	1.846154	0.9846154
n3917	7.51	136	20.2	95.6	1.846154	0.9846154
n3917	8.27	137	25.4	94.5	1.846154	0.9846154
n3917	9.02	136	27.4	93.2	1.846154	0.9846154
n3917	9.77	137	29.8	91.1	1.846154	0.9846154
n3917	10.5	137	30.5	88.3	1.846154	0.9846154
n3917	11.3	137	28.6	85.5	1.846154	0.9846154
n3917	12	138	29.7	81.5	1.846154	0.9846154
n4085	3.08	127	17.2	110	1.166667	0.6333333
n4085	3.83	130	21.5	109	1.166667	0.6333333
n4085	4.58	133	23.9	106	1.166667	0.6333333
n2403	1.418079	82	5.6434	71.29515	1.071429	0.3928571
n2403	1.772598	91	6.42408	81.92604	1.071429	0.3928571
n2403	2.127118	99	7.08644	88.06063	1.071429	0.3928571
n2403	2.481638	101	8.01908	88.88575	1.071429	0.3928571
n2403	2.836157	103	9.8542	89.42387	1.071429	0.3928571
n2403	3.190677	106	13.398	90.23704	1.071429	0.3928571
n2403	3.899716	115	20.5088	94.24305	1.071429	0.3928571
n2403	4.608756	123	26.1464	93.52556	1.071429	0.3928571
n2403	5.317795	127	29.0464	90.34466	1.071429	0.3928571
n2403	6.026834	127	30.9024	88.06063	1.071429	0.3928571
n2403	6.735874	127	32.2828	86.62564	1.071429	0.3928571
n2403	7.444913	127	34.8116	84.53294	1.071429	0.3928571
n2403	8.153953	128	37.0272	81.51946	1.071429	0.3928571
n2403	8.862991	128	39.5792	78.45815	1.071429	0.3928571
n2403	9.572031	128	41.702	76.46112	1.071429	0.3928571
n2403	10.28107	129	43.3376	74.75109	1.071429	0.3928571
n2403	10.99011	131	45.2748	72.87364	1.071429	0.3928571
n2403	11.69915	133	46.2956	70.63744	1.071429	0.3928571
n2403	12.40819	136	46.9684	68.30559	1.071429	0.3928571
n2403	13.11723	136	47.676	66.09331	1.071429	0.3928571
n2403	13.82627	134	47.3976	64.12019	1.071429	0.3928571
n2403	14.53531	134	46.748	62.2547	1.071429	0.3928571
n2403	15.24435	134	46.3536	60.5088	1.071429	0.3928571
n2403	15.94551	135	45.8432	58.91835	1.071429	0.3928571
n2403	16.6703	133	45.0428	57.38769	1.071429	0.3928571
n2403	17.36359	132	44.0568	56.00053	1.071429	0.3928571
n2403	18.08838	136	42.9664	54.75687	1.071429	0.3928571
n2403	18.78166	133	41.9108	53.50126	1.071429	0.3928571
n2403	19.50646	134	40.658	52.35326	1.071429	0.3928571
n3972	3.76	110	15.5	89.4	1.4	0.6933333
n3972	4.51	116	19.4	94.4	1.4	0.6933333
n3972	5.26	123	22.9	95.6	1.4	0.6933333
n3972	6.01	130	26.3	93	1.4	0.6933333
n3972	6.76	134	28.4	89.2	1.4	0.6933333
n3972	7.51	134	27.9	85.6	1.4	0.6933333
n4010	5.26	115	24	79	1.5	0.7
n4010	6.01	127	27.5	80.3	1.5	0.7
n4010	6.76	129	30.8	79.1	1.5	0.7
n4010	7.51	127	33.9	77.3	1.5	0.7
n4010	8.27	124	33	74.2	1.5	0.7
n4010	9.02	122	31.3	71.2	1.5	0.7
568v1	11.65	112.9	34.98	49.62	1.8	0.3766667
568v1	13.59	116.6	38.95	46.19	1.8	0.3766667
568v1	15.53	119.6	38.96	43.05	1.8	0.3766667
568v1	17.48	121.9	36.79	40.25	1.8	0.3766667
568v1	19.42	124.1	33.64	37.84	1.8	0.3766667
n3769	4.51	116	26.9	90.1	1.166667	1.225
n3769	6.01	125	32.3	80.4	1.166667	1.225
n3769	7.51	126	34.3	73.3	1.166667	1.225
n3769	9.02	123	34.1	67.3	1.166667	1.225
n3769	10.6	118	32.2	60.7	1.166667	1.225
n6503	9.345	100.3	29.29	46.96	1	0.6647059
n6503	11.21	107.1	33.38	46.03	1	0.6647059
n6503	13.08	113	36.1	41.34	1	0.6647059
n4183	6.01	107	25.5	60.6	2.571429	0.7857143
n4183	6.76	111	29.2	61.1	2.571429	0.7857143
n4183	10.6	111	37.3	52.8	2.571429	0.7857143
n4183	11.3	109	35.8	50.9	2.571429	0.7857143
n4183	12.1	108	35.4	49.3	2.571429	0.7857143
n4183	12.9	109	36.2	47.7	2.571429	0.7857143
n4183	13.8	111	35.5	46.2	2.571429	0.7857143
n4183	14.6	110	33.9	44.9	2.571429	0.7857143
n4183	15.4	109	34.7	43.4	2.571429	0.7857143
n4183	16.3	110	34.2	42	2.571429	0.7857143
563v2	5.922	103.1	23.06	56.6	2	0.4944444
563v2	7.403	107.3	32.48	60.87	2	0.4944444
563v2	8.883	111.4	39.68	55.27	2	0.4944444
5631	7.646	101.9	21.57	52.96	3	0.5
5631	8.738	106.9	25.14	52.42	3	0.5
5631	9.83	110	28.25	51.43	3	0.5
5631	10.92	110.7	30.32	52.34	3	0.5
5631	12.01	111.4	30.91	50.51	3	0.5
5631	13.11	111.4	30.1	50.25	3	0.5
5631	14.2	111.9	29.44	47.41	3	0.5
n1003	3.86	77.6	15	48.8	2.5	5.2
n1003	4.72	83.4	17.3	50.6	2.5	5.2
n1003	5.58	89.7	19.6	51.1	2.5	5.2
n1003	6.44	93.8	22	49.2	2.5	5.2
n1003	7.29	99	24	46.4	2.5	5.2
n1003	8.15	103	27.5	44	2.5	5.2
n1003	9.01	100	29	41.7	2.5	5.2
n1003	9.87	98.3	29.7	39.9	2.5	5.2
n1003	10.7	98.4	29.8	38.3	2.5	5.2
n1003	11.6	94.5	30.8	36.9	2.5	5.2
n1003	12.4	94.9	31.9	35.2	2.5	5.2
n1003	13.3	95.3	32.8	33.3	2.5	5.2
n1003	14.2	96.9	33.4	31.8	2.5	5.2
n1003	15	97.2	33.6	30.7	2.5	5.2
n1003	15.9	100	33.7	29.6	2.5	5.2
n1003	16.7	104	33.4	28.7	2.5	5.2
n1003	17.6	104	34.1	27.9	2.5	5.2
n1003	18.4	105	32.9	27.2	2.5	5.2
n1003	19.3	109	32.2	26.5	2.5	5.2
n1003	20.2	110	30.4	25.9	2.5	5.2
n1003	21	107	29.9	25.3	2.5	5.2
n1003	21.9	106	29.5	24.7	2.5	5.2
n1003	22.7	106	28.4	24.2	2.5	5.2
n1003	23.6	108	27.5	23.7	2.5	5.2
n1003	24.5	109	26.1	23.3	2.5	5.2
n1003	25.3	110	26.7	22.9	2.5	5.2
n1003	26.2	110	26.3	22.5	2.5	5.2
n1003	27	110	25.7	22.1	2.5	5.2
n1003	27.9	113	27.3	21.7	2.5	5.2
n1003	28.7	114	31.3	21.4	2.5	5.2
n1003	29.6	112	32.3	21.1	2.5	5.2
n1003	30.5	113	35.2	20.8	2.5	5.2
n1003	31.3	115	38.1	20.5	2.5	5.2
u6917	3.76	93.5	13.6	61.2	2.5	0.6785714
u6917	4.51	97.5	16.6	60.7	2.5	0.6785714
u6917	5.26	100	19.4	62.5	2.5	0.6785714
u6917	6.01	101	23	62.1	2.5	0.6785714
u6917	6.76	103	25.6	61.2	2.5	0.6785714
u6917	7.51	105	27	61.1	2.5	0.6785714
u6917	8.27	110	30.4	59.8	2.5	0.6785714
u6930	9.02	107	32	51.4	2.625	1.5375
u6930	10.5	109	37.4	46.6	2.625	1.5375
m33	0.368	31.7	3.07	31.4	2	1.733333
m33	0.49	38.7	2.07	34.1	2	1.733333
m33	0.613	44.7	0.717	35.4	2	1.733333
m33	0.736	49.7	2.44	37.1	2	1.733333
m33	0.858	51.9	3.89	38.1	2	1.733333
m33	0.981	54.1	3.33	39.5	2	1.733333
m33	1.1	56.4	0	41.4	2	1.733333
m33	1.23	57.9	0	43.2	2	1.733333
m33	1.35	59.1	0	45.2	2	1.733333
m33	1.47	62.6	0	47.1	2	1.733333
m33	1.59	67.3	0	48.8	2	1.733333
m33	1.72	70.8	0	51	2	1.733333
m33	1.84	73.7	3.02	53.1	2	1.733333
m33	1.96	75.9	5.96	55	2	1.733333
m33	2.08	78.2	7.69	56.6	2	1.733333
m33	2.21	79.4	8.1	57.4	2	1.733333
m33	2.33	79.8	8.76	58	2	1.733333
m33	2.45	81.5	10.2	58.3	2	1.733333
m33	2.57	83.1	11.8	58.6	2	1.733333
m33	2.7	86.2	12.5	59.1	2	1.733333
m33	2.82	88.2	11.7	59.5	2	1.733333
m33	2.94	88.1	10.6	59.7	2	1.733333
m33	3.07	88.7	11.3	60	2	1.733333
m33	3.19	90.3	11.6	60.3	2	1.733333
m33	3.31	92.5	9.58	60.8	2	1.733333
m33	3.43	91.8	6.41	61.4	2	1.733333
m33	3.56	92	5.37	62	2	1.733333
m33	3.68	91.6	6.35	62.9	2	1.733333
m33	3.8	91.4	10.2	63.5	2	1.733333
m33	3.92	91.9	13	63.9	2	1.733333
m33	4.05	93	13.4	63.9	2	1.733333
m33	4.17	94.6	13.9	64	2	1.733333
m33	4.29	95.4	15.2	64.1	2	1.733333
m33	4.41	95.8	16.5	64.2	2	1.733333
m33	4.54	95.3	16.9	64.1	2	1.733333
m33	4.66	95.1	17.7	63.9	2	1.733333
m33	4.78	96.7	18.4	63.9	2	1.733333
m33	4.9	98.1	19.5	63.8	2	1.733333
m33	5.03	98.9	21.7	63.7	2	1.733333
m33	5.15	99.5	23.2	63.5	2	1.733333
m33	5.27	99.3	23.3	63.4	2	1.733333
m33	5.39	99.4	23.1	63.3	2	1.733333
m33	5.52	101	22.8	63.2	2	1.733333
m33	5.64	102	22.5	63	2	1.733333
m33	5.76	103	22.1	62.7	2	1.733333
m33	5.89	104	21.6	62.5	2	1.733333
m33	6.01	104	21.9	62.3	2	1.733333
m33	6.13	103	23.1	62.1	2	1.733333
m33	6.25	103	24.5	61.9	2	1.733333
m33	6.38	102	25.7	61.6	2	1.733333
m33	6.5	102	26.8	61.3	2	1.733333
m33	6.62	103	28.1	61	2	1.733333
m33	6.74	104	29.6	60.8	2	1.733333
m33	6.87	104	31.6	60.5	2	1.733333
m33	6.99	104	33.2	60.2	2	1.733333
m33	7.11	104	34.1	59.9	2	1.733333
m33	7.23	104	34.3	59.6	2	1.733333
m33	7.36	105	34.9	59.3	2	1.733333
m33	7.48	106	35.4	59.1	2	1.733333
m33	7.6	106	35.9	58.8	2	1.733333
m33	7.72	106	36.2	58.6	2	1.733333
m33	7.85	107	36.7	58.3	2	1.733333
m33	7.97	108	37.1	58	2	1.733333
m33	8.09	107	37.3	57.8	2	1.733333
m33	8.21	107	37.1	57.6	2	1.733333
m33	8.34	107	37.2	57.3	2	1.733333
m33	8.46	111	36.9	57.2	2	1.733333
m33	8.58	117	36.5	57	2	1.733333
m33	8.71	116	36.1	56.9	2	1.733333
m33	8.83	118	35.6	56.9	2	1.733333
m33	8.95	115	37.1	57.2	2	1.733333
u6983	4.51	98.2	15.4	61.1	2.529412	0.4
u6983	5.26	99.7	17.5	62	2.529412	0.4
u6983	6.01	102	22.1	62.1	2.529412	0.4
u6983	6.76	107	27.6	64.5	2.529412	0.4
u6983	7.51	108	28	64.8	2.529412	0.4
u6983	8.27	110	29.6	62.4	2.529412	0.4
u6983	9.02	113	33.3	61.1	2.529412	0.4
u6983	9.77	110	35.5	58.7	2.529412	0.4
n247	0.814	34.6	2.5	29.1	2.727273	0.9090909
n247	1.22	47	3.67	33.1	2.727273	0.9090909
n247	2.04	64.4	6.11	39	2.727273	0.9090909
n247	2.44	67.4	7.6	40.4	2.727273	0.9090909
n247	2.85	69.8	9.34	41.8	2.727273	0.9090909
n247	3.26	71.3	11.2	43.2	2.727273	0.9090909
n247	3.67	73.2	12.2	44.9	2.727273	0.9090909
n247	4.07	75.1	12.4	47.5	2.727273	0.9090909
n247	4.48	78.5	13.4	47.5	2.727273	0.9090909
n247	6.52	93.1	23.8	46.9	2.727273	0.9090909
n247	6.92	95.9	25.5	46.6	2.727273	0.9090909
u1230	11.14	110.06	31.03	41.44	2	1
u1230	13.62	116.51	35.89	42.48	2	1
u1230	16.09	121.94	39.73	40.83	2	1
u1230	18.57	127.06	42.87	38.68	2	1
u1230	21.04	130.65	45.18	36.44	2	1
u1230	23.52	132.21	46.54	34.35	2	1
u1230	26	132.73	46.36	32.48	2	1
u1230	28.47	132.73	45.27	31	2	1
u1230	30.95	132.6	43.23	29.05	2	1
u1230	32.18	132.6	41.96	28.23	2	1
n7793	0.902	59.7	3.67	54	1.583333	1.183333
n7793	2.25	99.7	16.7	76.5	1.583333	1.183333
n7793	6.31	94.5	30.3	58.4	1.583333	1.183333
u5005	5.049	112.64	14.59	73.75	2	1
u5005	7.573	131.15	18.91	84.65	2	1
u5005	10.1	137.25	24.61	75.75	2	1
u5005	12.62	141.78	29.65	84.06	2	1
u5005	15.15	144.03	33.37	81.35	2	1
u5005	17.67	146.48	35.73	77.55	2	1
u5005	20.19	148.65	36.78	73.34	2	1
u5005	22.72	148.65	37.42	69.33	2	1
u5005	25.24	148.51	36.68	65.53	2	1
u5005	27.77	148.65	39.36	62.28	2	1
n300	2.35	58.8	2.91	42.9	2	1.685714
n300	2.81	65.6	7.52	46.2	2	1.685714
n300	3.28	70.8	8.52	45	2	1.685714
n300	5.16	81.5	13.2	43.3	2	1.685714
n300	5.63	80.8	13.8	43.5	2	1.685714
n300	8.44	89.5	28.3	39.1	2	1.685714
n300	10.3	96.2	25.6	32.5	2	1.685714
n300	10.8	94.8	24.5	31.5	2	1.685714
n5585	1.47	40.7	5.37	32.5	1.6	1.46
n5585	2.21	53.2	5.86	33.6	1.6	1.46
n5585	2.95	64.3	9.8	33.9	1.6	1.46
n5585	3.68	73.1	12.1	34	1.6	1.46
n5585	5.16	78.4	20.5	36.5	1.6	1.46
n5585	5.9	83.1	23.9	35.3	1.6	1.46
n5585	6.63	88	27	33.4	1.6	1.46
n5585	7.37	89.9	28.5	29.5	1.6	1.46
n5585	8.11	90.6	30.2	27.3	1.6	1.46
n5585	8.84	91.6	32.2	25.7	1.6	1.46
n5585	9.58	92.3	33.3	24.4	1.6	1.46
n5585	10.3	90.9	33.6	23.3	1.6	1.46
n5585	11.1	89.6	34	22.4	1.6	1.46
n5585	11.8	89.4	33.7	21.6	1.6	1.46
u6399	3.76	77.5	15.4	45.1	2.5	1
n55	1.861683	43.1	19.024	17.58444	5	5
n55	3.723366	68.5	30.1252	27.00723	5	5
n55	4.188787	72.3	31.668	27.97321	5	5
n55	4.654207	74.2	32.8512	28.22812	5	5
n55	5.119627	78.9	33.6864	28.06265	5	5
n55	5.585048	82.4	34.22	27.60649	5	5
n55	7.446731	86.8	34.7768	24.37314	5	5
n55	8.842993	86.2	31.552	22.23546	5	5
n55	9.773834	87.4	30.1948	21.03246	5	5
u6667	3.01	69.3	14.9	38.6	2.5	1.51
u6667	3.76	77.3	17	40.8	2.5	1.51
u6667	4.51	80.7	20.8	42.4	2.5	1.51
u6667	5.26	84	21.8	41.5	2.5	1.51
u6667	6.01	85	23.8	40.5	2.5	1.51
u6667	6.76	85.7	22.7	40.5	2.5	1.51
u2259	1.900468	71.1	7.70472	45.51001	1.857143	1
u2259	2.850702	80.7	13.978	54.4628	1.857143	1
u2259	3.800936	82.8	18.4208	53.23398	1.857143	1
u2259	4.75117	83.7	21.1584	48.26021	1.857143	1
u2259	5.701404	86	23.7684	43.53513	1.857143	1
u2259	6.651638	88.3	25.7752	39.61462	1.857143	1
u2259	7.601871	90	24.8472	36.48407	1.857143	1
u6446	5.26	73.7	17.4	30	4.4	1.08
u6446	7.51	80.5	29.7	27.9	4.4	1.08
u6446	8.27	81.3	32.9	28.2	4.4	1.08
u6923	3.2	78.4	23.2	41.7	1.75	0.775
n1560	1.75	42.8	13.3	18.4	4.1	1.13
n1560	1.96	48.2	16.6	18.8	4.1	1.13
n1560	2.18	48.4	18.2	19.3	4.1	1.13
n1560	2.4	50.6	19.2	19.8	4.1	1.13
n1560	2.62	53.5	20.7	19.5	4.1	1.13
n1560	2.84	57.2	21.5	19.4	4.1	1.13
n1560	3.05	59.1	22.7	19.6	4.1	1.13
n1560	3.27	59.8	23.3	19.6	4.1	1.13
n1560	3.49	60.3	23.6	19.5	4.1	1.13
n1560	3.71	60.7	24.4	19.2	4.1	1.13
n1560	3.93	62.1	25.6	19.1	4.1	1.13
n1560	4.15	63.6	25.3	18.7	4.1	1.13
n1560	4.36	62	24.8	18.6	4.1	1.13
n1560	4.58	60.5	23.5	18.5	4.1	1.13
n1560	4.8	60.3	22.7	18.8	4.1	1.13
n1560	5.02	63.8	24.6	19.3	4.1	1.13
n1560	5.24	66.1	26.5	18.1	4.1	1.13
n1560	5.45	67.7	28	17	4.1	1.13
n1560	5.67	70.4	29.4	16.3	4.1	1.13
n1560	5.89	73	30	15.7	4.1	1.13
n1560	6.11	74.2	30.1	15.2	4.1	1.13
n1560	6.33	75.1	29.7	14.8	4.1	1.13
n1560	6.54	75.2	29.6	14.4	4.1	1.13
n1560	6.76	76.3	29.2	14.1	4.1	1.13
n1560	6.98	77.2	28.9	13.8	4.1	1.13
n1560	7.42	76.9	28.5	13.3	4.1	1.13
n1560	7.85	77.5	28.2	12.8	4.1	1.13
ic2574	0.654	10.3	0	5.1	6	6.2
ic2574	1.75	26.1	5.1	7.32	6	6.2
ic2574	2.62	34.8	7.69	7.81	6	6.2
ic2574	2.84	35	7.57	7.94	6	6.2
ic2574	3.71	38.7	10	9.72	6	6.2
ic2574	3.93	41.8	11.1	13	6	6.2
ic2574	4.15	42.9	11.5	11.8	6	6.2
ic2574	4.36	44.4	12.2	11.6	6	6.2
ic2574	4.58	46.1	12.7	11.6	6	6.2
ic2574	4.8	49	14	11.7	6	6.2
ic2574	5.02	51.9	15.4	11.6	6	6.2
ic2574	5.24	53.1	16.1	11.9	6	6.2
ic2574	5.45	54	16.9	12.3	6	6.2
ic2574	5.67	55.9	17.4	11.1	6	6.2
ic2574	7.2	66	20.7	8.53	6	6.2
ddo170	2.620173	42.8	13.3052	10.04799	10	2
ddo170	3.784694	53.2	18.1772	10.11163	10	2
ddo170	4.949216	56.8	21.7268	9.743932	10	2
ddo170	6.113737	60.3	23.78	8.966114	10	2
ddo170	7.278258	61.4	24.36	8.350931	10	2
ddo170	8.44278	63.1	23.6292	7.714535	10	2
ddo170	9.607302	66	21.982	7.212489	10	2
n3109	1.551402	24.3	9.019	6.919064	10	7.6
n3109	2.171963	34.3	12.8644	7.804501	10	7.6
n3109	5.274768	57.5	18.5136	7.877234	10	7.6
n3109	5.585048	59.1	18.8848	7.807663	10	7.6
n3109	5.895329	61.2	19.372	7.74758	10	7.6
n3109	6.205609	62.7	19.836	7.681172	10	7.6
n3109	6.51589	64.4	20.5436	7.614765	10	7.6
n3109	6.82617	66.6	21.17	7.545195	10	7.6
n3109	7.446731	66.2	21.3092	7.390243	10	7.6
n3109	7.757011	67.3	21.286	7.304862	10	7.6
ddo154	0.977383	21.6	7.4214	3.861141	20	4.1
ddo154	1.466075	28.9	10.8205	3.785246	20	4.1
ddo154	1.954767	34.3	13.2525	3.370988	20	4.1
ddo154	2.443459	38.2	14.6965	2.966849	20	4.1
ddo154	2.93215	42	16.1215	2.664219	20	4.1
ddo154	3.420842	44.6	17.5085	2.430843	20	4.1
ddo154	3.909534	46.3	17.822	2.25249	20	4.1
ddo154	4.398226	47.4	17.3945	2.107342	20	4.1
ddo154	4.886917	48.2	16.8435	1.990021	20	4.1
ddo154	5.375609	47.4	16.1975	1.891358	20	4.1
