# gbar gobs gobs_lo gobs_hi r_Mpc [m/s^2, m/s^2, m/s^2, m/s^2, Mpc]
1.123152973258785559e-15 3.656800000000000130e-13 3.115100000000000025e-13 4.329000000000000032e-13 2.603499999999999925e+00
2.075514677911161031e-15 5.846300000000000039e-13 5.144899999999999615e-13 6.620899999999999586e-13 1.915200000000000014e+00
3.835250514768024462e-15 9.082899999999999597e-13 8.195900000000000448e-13 1.001100000000000046e-12 1.408900000000000041e+00
7.086233557604384959e-15 1.364100000000000014e-12 1.249399999999999907e-12 1.483899999999999968e-12 1.036499999999999977e+00
1.309509199572561319e-14 1.964399999999999990e-12 1.809899999999999992e-12 2.129199999999999854e-12 7.624699999999999811e-01
2.419820742453659834e-14 2.703699999999999879e-12 2.490599999999999909e-12 2.936499999999999857e-12 5.608999999999999542e-01
4.471502992166286474e-14 3.596099999999999995e-12 3.301100000000000141e-12 3.922499999999999896e-12 4.126199999999999868e-01
8.262704390715990607e-14 4.672800000000000042e-12 4.262900000000000344e-12 5.144399999999999769e-12 3.035399999999999765e-01
1.526780586116573463e-13 5.914000000000000044e-12 5.359500000000000337e-12 6.605400000000000107e-12 2.232999999999999985e-01
2.821223942596833408e-13 7.531400000000000806e-12 6.759500000000000026e-12 8.585499999999999717e-12 1.642699999999999994e-01
5.213539183816713117e-13 9.811199999999999230e-12 8.671500000000000764e-12 1.152099999999999988e-11 1.208400000000000030e-01
9.633622755567930693e-13 1.242600000000000057e-11 1.079499999999999995e-11 1.523599999999999849e-11 8.889600000000000279e-02
1.780129940771342584e-12 1.508999999999999972e-11 1.319300000000000003e-11 1.951400000000000106e-11 6.539599999999999580e-02
3.289421074850329330e-12 1.644000000000000023e-11 1.398599999999999958e-11 2.566199999999999950e-11 4.810799999999999799e-02
6.078451416997602954e-12 1.693500000000000084e-11 1.156199999999999940e-11 3.564199999999999696e-11 3.538999999999999785e-02
