# gbar gobs gobs_lo gobs_hi r_Mpc [m/s^2, m/s^2, m/s^2, m/s^2, Mpc]
2.047618439452948446e-15 3.877499999999999886e-13 3.341999999999999795e-13 4.577900000000000113e-13 2.603499999999999925e+00
3.783867582627971908e-15 6.219999999999999750e-13 5.551700000000000467e-13 6.979800000000000208e-13 1.915200000000000014e+00
6.992039251051318136e-15 9.830699999999999702e-13 8.960100000000000363e-13 1.074899999999999994e-12 1.408900000000000041e+00
1.291890138234783376e-14 1.508199999999999975e-12 1.392300000000000035e-12 1.628200000000000070e-12 1.036499999999999977e+00
2.387364185929312778e-14 2.193399999999999923e-12 2.037600000000000123e-12 2.352299999999999983e-12 7.624699999999999811e-01
4.411571433624461576e-14 3.078399999999999888e-12 2.863200000000000159e-12 3.303499999999999808e-12 5.608999999999999542e-01
8.151990153454460848e-14 4.201600000000000191e-12 3.909299999999999912e-12 4.502199999999999941e-12 4.126199999999999868e-01
1.506372352920854074e-13 5.649399999999999737e-12 5.266400000000000259e-12 6.055000000000000352e-12 3.035399999999999765e-01
2.783471312959569718e-13 7.817300000000000628e-12 7.263300000000000363e-12 8.419399999999999445e-12 2.232999999999999985e-01
5.143368983769224339e-13 1.028300000000000051e-11 9.524799999999999966e-12 1.114700000000000006e-11 1.642699999999999994e-01
9.504795180855452918e-13 1.264599999999999923e-11 1.157100000000000068e-11 1.395299999999999921e-11 1.208400000000000030e-01
1.756304266888973413e-12 1.652499999999999916e-11 1.484999999999999913e-11 1.863499999999999885e-11 8.889600000000000279e-02
3.245352127564404206e-12 2.045600000000000089e-11 1.843799999999999878e-11 2.326899999999999869e-11 6.539599999999999580e-02
5.996938447703998253e-12 2.066099999999999850e-11 1.850300000000000062e-11 2.648100000000000076e-11 4.810799999999999799e-02
1.108161532854299058e-11 1.952399999999999961e-11 1.486600000000000067e-11 3.219199999999999854e-11 3.538999999999999785e-02
