# gbar gobs gobs_lo gobs_hi r_Mpc [m/s^2, m/s^2, m/s^2, m/s^2, Mpc]
4.336742937741909328e-16 1.339299999999999907e-13 1.065699999999999942e-13 1.714399999999999995e-13 2.603499999999999925e+00
8.014022876594375142e-16 2.142799999999999967e-13 1.764100000000000026e-13 2.587299999999999992e-13 1.915200000000000014e+00
1.480875355396397835e-15 3.385500000000000064e-13 2.854500000000000105e-13 3.955899999999999835e-13 1.408900000000000041e+00
2.736152070805208983e-15 5.283200000000000147e-13 4.509200000000000113e-13 6.099599999999999576e-13 1.036499999999999977e+00
5.056305693317046020e-15 7.889700000000000198e-13 6.772399999999999496e-13 9.040999999999999543e-13 7.624699999999999811e-01
9.343465017938687972e-15 1.060699999999999913e-12 9.151999999999999777e-13 1.211699999999999976e-12 5.608999999999999542e-01
1.726546559913785164e-14 1.278299999999999915e-12 1.105399999999999914e-12 1.480900000000000082e-12 4.126199999999999868e-01
3.190413573773294486e-14 1.560500000000000065e-12 1.358299999999999978e-12 1.813000000000000050e-12 3.035399999999999765e-01
5.895238744826702555e-14 2.074500000000000097e-12 1.791300000000000051e-12 2.448799999999999825e-12 2.232999999999999985e-01
1.089337187377605364e-13 2.968999999999999971e-12 2.531399999999999897e-12 3.574900000000000045e-12 1.642699999999999994e-01
2.013063204601278578e-13 4.358699999999999997e-12 3.657000000000000270e-12 5.352700000000000002e-12 1.208400000000000030e-01
3.719755584928036550e-13 6.201799999999999686e-12 5.125999999999999766e-12 7.832300000000000059e-12 8.889600000000000279e-02
6.873476839493960571e-13 8.012999999999999885e-12 6.740999999999999650e-12 1.045599999999999988e-11 6.539599999999999580e-02
1.270118492784302363e-12 8.746899999999999413e-12 7.340599999999999640e-12 1.383399999999999942e-11 4.810799999999999799e-02
2.347025016422040822e-12 8.967800000000000623e-12 6.137400000000000081e-12 1.938400000000000061e-11 3.538999999999999785e-02
