# gbar gobs gobs_lo gobs_hi r_Mpc [m/s^2, m/s^2, m/s^2, m/s^2, Mpc]
8.164065826626728921e-16 1.984200000000000017e-13 1.655900000000000043e-13 2.410299999999999837e-13 2.603499999999999925e+00
1.508667016696084339e-15 3.294400000000000079e-13 2.824299999999999891e-13 3.841499999999999838e-13 1.915200000000000014e+00
2.787798137000148937e-15 5.436100000000000434e-13 4.748099999999999731e-13 6.182100000000000487e-13 1.408900000000000041e+00
5.150899174426503142e-15 8.872700000000000149e-13 7.869100000000000266e-13 9.937599999999999984e-13 1.036499999999999977e+00
9.518667145459602429e-15 1.395400000000000092e-12 1.259099999999999956e-12 1.543300000000000098e-12 7.624699999999999811e-01
1.758939013686478594e-14 2.094200000000000104e-12 1.910100000000000111e-12 2.297399999999999884e-12 5.608999999999999542e-01
3.250282520829216162e-14 3.057399999999999877e-12 2.793099999999999882e-12 3.359200000000000065e-12 4.126199999999999868e-01
6.006061877398441568e-14 4.320099999999999737e-12 3.935400000000000377e-12 4.760900000000000040e-12 3.035399999999999765e-01
1.109798709939348985e-13 5.750000000000000339e-12 5.199500000000000211e-12 6.413299999999999744e-12 2.232999999999999985e-01
2.050714241728582810e-13 7.130400000000000394e-12 6.399600000000000317e-12 8.124899999999999842e-12 1.642699999999999994e-01
3.789659832612164049e-13 8.601599999999999214e-12 7.565199999999999309e-12 1.017700000000000076e-11 1.208400000000000030e-01
7.002566186255747026e-13 1.067900000000000004e-11 9.114400000000000018e-12 1.325900000000000076e-11 8.889600000000000279e-02
1.293955352692443019e-12 1.287100000000000039e-11 1.102099999999999999e-11 1.708999999999999927e-11 6.539599999999999580e-02
2.391041187261645722e-12 1.412400000000000081e-11 1.161600000000000059e-11 2.314600000000000013e-11 4.810799999999999799e-02
4.418354282439038908e-12 1.524000000000000049e-11 9.853499999999999565e-12 3.321100000000000298e-11 3.538999999999999785e-02
