# log10_gbar log10_gobs log10_p16 log10_p84 r_Mpc  (n=10896)
-1.117422433631443646e+01 -1.048686765325766856e+01 -1.058436522031067994e+01 -1.040459183732413528e+01 2.999999999999999542e-02
-1.145993862202871760e+01 -1.054439725348327705e+01 -1.065573788308157788e+01 -1.045309797511144367e+01 4.168486483119411556e-02
-1.174565290774300408e+01 -1.061874574703037943e+01 -1.074583263045346371e+01 -1.051748239734975243e+01 5.792093186649750758e-02
-1.203136719345729588e+01 -1.071140114357616113e+01 -1.085569400792509676e+01 -1.060015834202406282e+01 8.048087385839176877e-02
-1.231708147917157881e+01 -1.082300552129164473e+01 -1.098501915263612716e+01 -1.070249041620268926e+01 1.118278116094481855e-01
-1.260279576488586173e+01 -1.095334396025548607e+01 -1.113290240809061693e+01 -1.082440462991898045e+01 1.553842403769362668e-01
-1.288851005060014465e+01 -1.110147318959276319e+01 -1.129779822330738348e+01 -1.096533027285855333e+01 2.159057019003455535e-01
-1.317422433631443290e+01 -1.126593464607344508e+01 -1.147767705785507353e+01 -1.112391950236822780e+01 2.999999999999999334e-01
-1.345993862202872116e+01 -1.144498735569715642e+01 -1.167059390861788337e+01 -1.129826588985208602e+01 4.168486483119411834e-01
-1.374565290774300408e+01 -1.163681064192391723e+01 -1.187469403569882509e+01 -1.148646480842786843e+01 5.792093186649748260e-01
-1.403136719345728345e+01 -1.183965105873592272e+01 -1.208825481971538807e+01 -1.168648175630045749e+01 8.048087385839172159e-01
-1.431708147917157525e+01 -1.205191008712535350e+01 -1.230980918693592763e+01 -1.189668129458267387e+01 1.118278116094481911e+00
-1.460279576488586706e+01 -1.227218307094226368e+01 -1.253810921757158781e+01 -1.211538444003931403e+01 1.553842403769362779e+00
-1.488851005060014998e+01 -1.249926498139427977e+01 -1.277211149965542170e+01 -1.234127430234208944e+01 2.159057019003455036e+00
-1.517422433631443468e+01 -1.273213740907178781e+01 -1.301095396013899474e+01 -1.257322829341899961e+01 3.000000000000000000e+00
