# log10_gbar log10_gobs log10_p16 log10_p84 r_Mpc  (n=1830)
-1.094598101397834000e+01 -1.039360745332915670e+01 -1.048682797513201770e+01 -1.031917156766066412e+01 2.999999999999999542e-02
-1.123169529969262470e+01 -1.043986588273284255e+01 -1.054561649915528676e+01 -1.035796923917852119e+01 4.168486483119411556e-02
-1.151740958540690940e+01 -1.050137476798395042e+01 -1.062242872902756474e+01 -1.041038783247655175e+01 5.792093186649750758e-02
-1.180312387112119588e+01 -1.058016994001696887e+01 -1.071818090252366495e+01 -1.047934593468899678e+01 8.048087385839176877e-02
-1.208883815683548235e+01 -1.067755428139991736e+01 -1.083331796558831606e+01 -1.056722332288511090e+01 1.118278116094481855e-01
-1.237455244254976705e+01 -1.079396348416598173e+01 -1.096795429286592594e+01 -1.067468290983656942e+01 1.553842403769362668e-01
-1.266026672826405353e+01 -1.092899084885978844e+01 -1.112077536621511697e+01 -1.080220254825054838e+01 2.159057019003455535e-01
-1.294598101397834000e+01 -1.108154355651442735e+01 -1.129001137044002157e+01 -1.094820257930122764e+01 2.999999999999999334e-01
-1.323169529969262470e+01 -1.125006856043479431e+01 -1.147366902102267616e+01 -1.111151768954690233e+01 4.168486483119411834e-01
-1.351740958540691118e+01 -1.143278306244357267e+01 -1.166978147941583188e+01 -1.129008585982377610e+01 5.792093186649748260e-01
-1.380312387112119765e+01 -1.162786448333652523e+01 -1.187670895577874397e+01 -1.148189309363390542e+01 8.048087385839172159e-01
-1.408883815683548235e+01 -1.183358153572778804e+01 -1.209270543940471043e+01 -1.168502016892863260e+01 1.118278116094481911e+00
-1.437455244254976883e+01 -1.204836877088337133e+01 -1.231631485124314196e+01 -1.189757538293249439e+01 1.553842403769362779e+00
-1.466026672826405353e+01 -1.227085742936074197e+01 -1.254635021102495607e+01 -1.211830477782392101e+01 2.159057019003455036e+00
-1.494598101397834000e+01 -1.249987749016266037e+01 -1.278182286827174963e+01 -1.234593217585225844e+01 3.000000000000000000e+00
