# log10_gbar log10_gobs log10_p16 log10_p84 r_Mpc  (n=54897)
-1.159823538708728030e+01 -1.067735418216282284e+01 -1.082565874917512438e+01 -1.057055206367610367e+01 2.999999999999999542e-02
-1.188394967280157388e+01 -1.075743155563744580e+01 -1.092690197380865236e+01 -1.063986141377703198e+01 4.168486483119411556e-02
-1.216966395851587990e+01 -1.085583343653081023e+01 -1.104787821563800598e+01 -1.072787478593000721e+01 5.792093186649750758e-02
-1.245537824423014328e+01 -1.097293346698916316e+01 -1.118793424724411167e+01 -1.083552930856103202e+01 8.048087385839176877e-02
-1.274109252994445285e+01 -1.110832446684838537e+01 -1.134569564926026430e+01 -1.096280546096429021e+01 1.118278116094481855e-01
-1.302680681565872689e+01 -1.126096251176111984e+01 -1.151932762468590354e+01 -1.110879433308496900e+01 1.553842403769362668e-01
-1.331252110137301692e+01 -1.142936899986981203e+01 -1.170685975008679058e+01 -1.127193217277477011e+01 2.159057019003455535e-01
-1.359823538708729807e+01 -1.161183774026641657e+01 -1.190634313333986682e+01 -1.145031915644360154e+01 2.999999999999999334e-01
-1.388394967280158454e+01 -1.180660975863413853e+01 -1.211599824849590057e+01 -1.164197135594766230e+01 4.168486483119411834e-01
-1.416966395851587457e+01 -1.201199881338214404e+01 -1.233425762005729887e+01 -1.184496060755332891e+01 5.792093186649748260e-01
-1.445537824423016460e+01 -1.222646715266154160e+01 -1.255977777744427648e+01 -1.205759550103030797e+01 8.048087385839172159e-01
-1.474109252994442620e+01 -1.244866056989478231e+01 -1.279142895689030723e+01 -1.227834888044566064e+01 1.118278116094481911e+00
-1.502680681565873577e+01 -1.267741496399281154e+01 -1.302827219730224684e+01 -1.250597029903318891e+01 1.553842403769362779e+00
-1.531252110137300271e+01 -1.291174568570528969e+01 -1.326953243090222578e+01 -1.273940350253159615e+01 2.159057019003455036e+00
-1.559823538708729984e+01 -1.315082826113524916e+01 -1.351457033021036480e+01 -1.297777456332630841e+01 3.000000000000000000e+00
