# log10_gbar log10_gobs log10_p16 log10_p84 r_Mpc  (n=88799)
-1.161185839040765089e+01 -1.067107316113966675e+01 -1.082978534833934425e+01 -1.055736171618880803e+01 2.999999999999999542e-02
-1.189757267612194802e+01 -1.075017256241239316e+01 -1.093146868101966795e+01 -1.062527401859686549e+01 4.168486483119411556e-02
-1.218328696183625759e+01 -1.084744987013599626e+01 -1.105289285274063360e+01 -1.071174734085687952e+01 5.792093186649750758e-02
-1.246900124755051387e+01 -1.096332989595478224e+01 -1.119336165838072716e+01 -1.081782907169367469e+01 8.048087385839176877e-02
-1.275471553326481988e+01 -1.109746600252515591e+01 -1.135148073380056033e+01 -1.094350778049317796e+01 1.118278116094481855e-01
-1.304042981897910813e+01 -1.124887217358113922e+01 -1.152543874995487627e+01 -1.108795992569582722e+01 1.553842403769362668e-01
-1.332614410469339639e+01 -1.141611597963443181e+01 -1.171326239672476888e+01 -1.124980466932132117e+01 2.159057019003455535e-01
-1.361185839040767220e+01 -1.159752153609733583e+01 -1.191299850189496290e+01 -1.142704127201111497e+01 2.999999999999999334e-01
-1.389757267612196223e+01 -1.179134471640828430e+01 -1.212287040526569015e+01 -1.161763625418109491e+01 4.168486483119411834e-01
-1.418328696183624515e+01 -1.199590181944503087e+01 -1.234131291784961526e+01 -1.181976801104610253e+01 5.792093186649748260e-01
-1.446900124755054762e+01 -1.220964935168346521e+01 -1.256698692209779722e+01 -1.203168229300931458e+01 8.048087385839172159e-01
-1.475471553326480745e+01 -1.243122273275340639e+01 -1.279876600747448201e+01 -1.225183392918021674e+01 1.118278116094481911e+00
-1.504042981897909215e+01 -1.265944559056670293e+01 -1.303571781266682805e+01 -1.247897044984530446e+01 1.553842403769362779e+00
-1.532614410469338395e+01 -1.289332087861668086e+01 -1.327707065172962508e+01 -1.271200968146249188e+01 2.159057019003455036e+00
-1.561185839040767398e+01 -1.313201259119254161e+01 -1.352218799128243099e+01 -1.294999672860121542e+01 3.000000000000000000e+00
