# log10_gbar log10_gobs log10_p16 log10_p84 r_Mpc  (n=51663)
-1.183261932498499824e+01 -1.075897863994833870e+01 -1.090202456214892202e+01 -1.065063389271136884e+01 2.999999999999999542e-02
-1.211833361069927051e+01 -1.084904417886096972e+01 -1.101204512549244363e+01 -1.073034851615652663e+01 4.168486483119411556e-02
-1.240404789641356231e+01 -1.095773686007350989e+01 -1.114160790427205860e+01 -1.082941717808579796e+01 5.792093186649750758e-02
-1.268976218212786300e+01 -1.108496280873692008e+01 -1.128974732705565742e+01 -1.094830162420052666e+01 8.048087385839176877e-02
-1.297547646784212283e+01 -1.122992511964666917e+01 -1.145477442607745466e+01 -1.108639311659012172e+01 1.118278116094481855e-01
-1.326119075355643595e+01 -1.139131100544076780e+01 -1.163481061847159381e+01 -1.124229063009584273e+01 1.553842403769362668e-01
-1.354690503927070289e+01 -1.156750054058996646e+01 -1.182789317560640718e+01 -1.141430342216054328e+01 2.159057019003455535e-01
-1.383261932498500002e+01 -1.175675413213305021e+01 -1.203210528927390754e+01 -1.160041205918825291e+01 2.999999999999999334e-01
-1.411833361069928650e+01 -1.195735589068779525e+01 -1.224576048126564309e+01 -1.179868674255789074e+01 4.168486483119411834e-01
-1.440404789641356942e+01 -1.216770763096324792e+01 -1.246739467432430004e+01 -1.200732149288069905e+01 5.792093186649748260e-01
-1.468976218212784701e+01 -1.238637942830563432e+01 -1.269576178213453943e+01 -1.222471675360582033e+01 8.048087385839172159e-01
-1.497547646784215480e+01 -1.261212756721966599e+01 -1.292982101264523997e+01 -1.244950721327370324e+01 1.118278116094481911e+00
-1.526119075355641108e+01 -1.284389116357445282e+01 -1.316871013348082009e+01 -1.268054456956801879e+01 1.553842403769362779e+00
-1.554690503927069933e+01 -1.308077681642386025e+01 -1.341171747799499059e+01 -1.291684837134035213e+01 2.159057019003455036e+00
-1.583261932498500535e+01 -1.332203797248426369e+01 -1.365825596367485417e+01 -1.315765394889228723e+01 3.000000000000000000e+00
