# log10_gbar log10_gobs log10_p16 log10_p84 r_Mpc  (n=19)
-1.118970602618926335e+01 -1.039344079627730721e+01 -1.044225816852386579e+01 -1.033986204110648188e+01 2.999999999999999542e-02
-1.147542031190354805e+01 -1.043966719151764266e+01 -1.049487998151985835e+01 -1.037980070409218492e+01 4.168486483119411556e-02
-1.176113459761783453e+01 -1.050141511131855410e+01 -1.056431323170889769e+01 -1.043433527112461867e+01 5.792093186649750758e-02
-1.204684888333212101e+01 -1.058080309311586653e+01 -1.065244619283381944e+01 -1.050595395187564485e+01 8.048087385839176877e-02
-1.233256316904640570e+01 -1.067916582623656119e+01 -1.076023774791225662e+01 -1.059644364644518610e+01 1.118278116094481855e-01
-1.261827745476069218e+01 -1.079690876467683225e+01 -1.088764149329410102e+01 -1.070664104998204991e+01 1.553842403769362668e-01
-1.290399174047497688e+01 -1.093354352851350342e+01 -1.103372903067349142e+01 -1.083638235819752715e+01 2.159057019003455535e-01
-1.318970602618926335e+01 -1.108786893380800009e+01 -1.119694415671959220e+01 -1.098464729956191732e+01 2.999999999999999334e-01
-1.347542031190354805e+01 -1.125822300942078336e+01 -1.137539201931444488e+01 -1.114982282188932139e+01 4.168486483119411834e-01
-1.376113459761783453e+01 -1.144273182083287210e+01 -1.156708785698748976e+01 -1.132999074280159491e+01 5.792093186649748260e-01
-1.404684888333211923e+01 -1.163950756891386540e+01 -1.177013076335041397e+01 -1.152316847308044956e+01 8.048087385839172159e-01
-1.433256316904640570e+01 -1.184677974763538977e+01 -1.198280215938265947e+01 -1.172747314763744519e+01 1.118278116094481911e+00
-1.461827745476069218e+01 -1.206296527113474859e+01 -1.220360610735521867e+01 -1.194121191806012128e+01 1.553842403769362779e+00
-1.490399174047497688e+01 -1.228669335900595172e+01 -1.243127214357743426e+01 -1.216291660609876146e+01 2.159057019003455036e+00
-1.518970602618926335e+01 -1.251680190965252493e+01 -1.266473773900643884e+01 -1.239134322437618785e+01 3.000000000000000000e+00
