# log10_gbar log10_gobs log10_p16 log10_p84 r_Mpc  (n=8929)
-1.117159509455737165e+01 -1.049217088987015423e+01 -1.058782892842293144e+01 -1.041278208051878273e+01 2.999999999999999542e-02
-1.145730938027165280e+01 -1.055027191061910052e+01 -1.065943895218116744e+01 -1.046207293648686765e+01 4.168486483119411556e-02
-1.174302366598593927e+01 -1.062527124503624876e+01 -1.075006269592660857e+01 -1.052747002091127371e+01 5.792093186649750758e-02
-1.202873795170022930e+01 -1.071862897427586780e+01 -1.086025093883577064e+01 -1.061144372320583251e+01 8.048087385839176877e-02
-1.231445223741451400e+01 -1.083095228055477222e+01 -1.098999847728078727e+01 -1.071494409274824022e+01 1.118278116094481855e-01
-1.260016652312879515e+01 -1.096199039200901026e+01 -1.113823814372696219e+01 -1.083836777404407847e+01 1.553842403769362668e-01
-1.288588080884308162e+01 -1.111076898510950350e+01 -1.130339160697446665e+01 -1.098038491290108176e+01 2.159057019003455535e-01
-1.317159509455736988e+01 -1.127580717503200347e+01 -1.148357255050957093e+01 -1.113996257535571566e+01 2.999999999999999334e-01
-1.345730938027165635e+01 -1.145535192194782503e+01 -1.167674241663075740e+01 -1.131519995736497997e+01 4.168486483119411834e-01
-1.374302366598594105e+01 -1.164758014378275952e+01 -1.188102551242076466e+01 -1.150414364113406940e+01 5.792093186649748260e-01
-1.402873795170022042e+01 -1.185074362226149525e+01 -1.209474135265985062e+01 -1.170484428297967305e+01 8.048087385839172159e-01
-1.431445223741451223e+01 -1.206325399140604127e+01 -1.231643715731185829e+01 -1.191549126466468245e+01 1.118278116094481911e+00
-1.460016652312880048e+01 -1.228371896960479681e+01 -1.254485650135076114e+01 -1.213469514337581856e+01 1.553842403769362779e+00
-1.488588080884308518e+01 -1.251094595075915805e+01 -1.277895996649981214e+01 -1.236100196825555741e+01 2.159057019003455036e+00
-1.517159509455736988e+01 -1.274392761222091330e+01 -1.301788671001344078e+01 -1.259331699760093493e+01 3.000000000000000000e+00
