# log10_gbar log10_gobs log10_p16 log10_p84 r_Mpc  (n=9)
-1.077994383693082092e+01 -1.032140333824634659e+01 -1.038001931377205800e+01 -1.025862383262644428e+01 2.999999999999999542e-02
-1.106565812264510740e+01 -1.036054828970165076e+01 -1.042628013491427907e+01 -1.029067742049214829e+01 4.168486483119411556e-02
-1.135137240835939387e+01 -1.041386817564733569e+01 -1.048832036682675906e+01 -1.033552060818211338e+01 5.792093186649750758e-02
-1.163708669407367857e+01 -1.048378277568432537e+01 -1.056834411704460841e+01 -1.039589417727257015e+01 8.048087385839176877e-02
-1.192280097978796505e+01 -1.057207874635026634e+01 -1.066772282461823096e+01 -1.047406992886599575e+01 1.118278116094481855e-01
-1.220851526550224975e+01 -1.067967437661590857e+01 -1.078683274990505225e+01 -1.057151289886400392e+01 1.553842403769362668e-01
-1.249422955121653622e+01 -1.080655260527548478e+01 -1.092509811064146952e+01 -1.068869907426832810e+01 2.159057019003455535e-01
-1.277994383693082270e+01 -1.095186607668555467e+01 -1.108119951950240534e+01 -1.082513872847206393e+01 2.999999999999999334e-01
-1.306565812264510740e+01 -1.111415976514464532e+01 -1.125335773311652510e+01 -1.097957241467393175e+01 4.168486483119411834e-01
-1.335137240835939387e+01 -1.129163228415602660e+01 -1.143960499683413090e+01 -1.115025200266171446e+01 5.792093186649748260e-01
-1.363708669407367857e+01 -1.148236942620753531e+01 -1.163799186199944025e+01 -1.133521661396506808e+01 8.048087385839172159e-01
-1.392280097978796505e+01 -1.168451486520098470e+01 -1.184671626527413224e+01 -1.153250712294963876e+01 1.118278116094481911e+00
-1.420851526550224975e+01 -1.189637272457405714e+01 -1.206418633439056798e+01 -1.174030267803837013e+01 1.553842403769362779e+00
-1.449422955121653622e+01 -1.211645434236259966e+01 -1.228903713395342834e+01 -1.195698911615348337e+01 2.159057019003455036e+00
-1.477994383693082270e+01 -1.234348708500604630e+01 -1.252012034232103943e+01 -1.218117924449243183e+01 3.000000000000000000e+00
