# log10_gbar log10_gobs log10_p16 log10_p84 r_Mpc  (n=139)
-1.095297814291722105e+01 -1.037868905276522113e+01 -1.048160390464157032e+01 -1.028352048698544152e+01 2.999999999999999542e-02
-1.123869242863150752e+01 -1.042378759039573310e+01 -1.054025732667830617e+01 -1.031878849599134185e+01 4.168486483119411556e-02
-1.152440671434579400e+01 -1.048381966412628508e+01 -1.061653566407230542e+01 -1.036763164285702743e+01 5.792093186649750758e-02
-1.181012100006007870e+01 -1.056083874074084150e+01 -1.071200886691026177e+01 -1.043270601060469360e+01 8.048087385839176877e-02
-1.209583528577436518e+01 -1.065621130352420920e+01 -1.082718172609278540e+01 -1.051609458643263650e+01 1.118278116094481855e-01
-1.238154957148864987e+01 -1.077047491921078581e+01 -1.096166139651121618e+01 -1.061926247027883363e+01 1.553842403769362668e-01
-1.266726385720293635e+01 -1.090334192659643797e+01 -1.111430691816713434e+01 -1.074236388486499472e+01 2.159057019003455535e-01
-1.295297814291722105e+01 -1.105382984129884072e+01 -1.128341938755877294e+01 -1.088442113339999651e+01 2.999999999999999334e-01
-1.323869242863150752e+01 -1.122046730886359711e+01 -1.146703372564199164e+01 -1.104399178287306249e+01 4.168486483119411834e-01
-1.352440671434579222e+01 -1.140151667958213011e+01 -1.166317179002650484e+01 -1.121897887159995832e+01 5.792093186649748260e-01
-1.381012100006007870e+01 -1.159516733990954407e+01 -1.186999239350675595e+01 -1.140744219983026753e+01 8.048087385839172159e-01
-1.409583528577436518e+01 -1.179967638580773936e+01 -1.208585745397023814e+01 -1.160772910917933132e+01 1.118278116094481911e+00
-1.438154957148864987e+01 -1.201345373254539517e+01 -1.230935600831269383e+01 -1.181806790808224150e+01 1.553842403769362779e+00
-1.466726385720293635e+01 -1.223510131065545714e+01 -1.253929772096567596e+01 -1.203690360435044049e+01 2.159057019003455036e+00
-1.495297814291722283e+01 -1.246342034986156122e+01 -1.277469100131496660e+01 -1.226290854903582250e+01 3.000000000000000000e+00
