# log10_gbar log10_gobs log10_p16 log10_p84 r_Mpc  (n=1986)
-1.118639566356629267e+01 -1.046284880579112198e+01 -1.056855584332601516e+01 -1.037632023784225588e+01 2.999999999999999542e-02
-1.147210994928057914e+01 -1.051785741308366973e+01 -1.063801279609192463e+01 -1.042215633968771549e+01 4.168486483119411556e-02
-1.175782423499486562e+01 -1.058935516052066106e+01 -1.072616835502710941e+01 -1.048372139714181195e+01 5.792093186649750758e-02
-1.204353852070915032e+01 -1.067895880189134417e+01 -1.083394222827514142e+01 -1.056300155934693308e+01 8.048087385839176877e-02
-1.232925280642343502e+01 -1.078746532495770261e+01 -1.096149612952753749e+01 -1.066142696976147519e+01 1.118278116094481855e-01
-1.261496709213772149e+01 -1.091481350357293501e+01 -1.110771413474651048e+01 -1.077991386406082341e+01 1.553842403769362668e-01
-1.290068137785200619e+01 -1.106018825460845001e+01 -1.127099723381617657e+01 -1.091759352835676822e+01 2.159057019003455535e-01
-1.318639566356629267e+01 -1.122221882294232387e+01 -1.144950171478130052e+01 -1.107317524240935924e+01 2.999999999999999334e-01
-1.347210994928057914e+01 -1.139920762908801777e+01 -1.164124701328892009e+01 -1.124475476744924407e+01 4.168486483119411834e-01
-1.375782423499486384e+01 -1.158933753342985362e+01 -1.184433249348168538e+01 -1.143048539765931970e+01 5.792093186649748260e-01
-1.404353852070915032e+01 -1.179082844959001974e+01 -1.205704020676642507e+01 -1.162849053027710688e+01 8.048087385839172159e-01
-1.432925280642343502e+01 -1.200203665008664267e+01 -1.227786189053336585e+01 -1.183690984622501574e+01 1.118278116094481911e+00
-1.461496709213772149e+01 -1.222150466023867033e+01 -1.250553946783906234e+01 -1.205413437859871806e+01 1.553842403769362779e+00
-1.490068137785200797e+01 -1.244797551082481668e+01 -1.273901491851103529e+01 -1.227879419571814701e+01 2.159057019003455036e+00
-1.518639566356629444e+01 -1.268038495829094714e+01 -1.297740766382461786e+01 -1.250971719750762468e+01 3.000000000000000000e+00
