# log10_gbar log10_gobs log10_p16 log10_p84 r_Mpc  (n=1691)
-1.094541083384517322e+01 -1.039485684485269701e+01 -1.048728727610636113e+01 -1.032236305155915801e+01 2.999999999999999542e-02
-1.123112511955945791e+01 -1.044121437709135947e+01 -1.054626036710834214e+01 -1.036074310424899636e+01 4.168486483119411556e-02
-1.151683940527374439e+01 -1.050284985979398478e+01 -1.062284994894158885e+01 -1.041323884346035733e+01 5.792093186649750758e-02
-1.180255369098802909e+01 -1.058179790541798404e+01 -1.071836957529002810e+01 -1.048323767968790499e+01 8.048087385839176877e-02
-1.208826797670231556e+01 -1.067935622859581635e+01 -1.083379314397441995e+01 -1.057119202292571458e+01 1.118278116094481855e-01
-1.237398226241660026e+01 -1.079595195280010955e+01 -1.096852757806699152e+01 -1.067892833400292574e+01 1.553842403769362668e-01
-1.265969654813088674e+01 -1.093116813786457620e+01 -1.112143933191741318e+01 -1.080642156426110034e+01 2.159057019003455535e-01
-1.294541083384517322e+01 -1.108390227064296951e+01 -1.129072486031887124e+01 -1.095270361074017451e+01 2.999999999999999334e-01
-1.323112511955945791e+01 -1.125259394800039559e+01 -1.147451446006308196e+01 -1.111577001158683942e+01 4.168486483119411834e-01
-1.351683940527374439e+01 -1.143545614065466332e+01 -1.167083763399480034e+01 -1.129408818380584734e+01 5.792093186649748260e-01
-1.380255369098803087e+01 -1.163066495786926602e+01 -1.187774620378261936e+01 -1.148570127983742672e+01 8.048087385839172159e-01
-1.408826797670231556e+01 -1.183648992883020235e+01 -1.209366565743462907e+01 -1.168867488395536114e+01 1.118278116094481911e+00
-1.437398226241660204e+01 -1.205136763478019546e+01 -1.231720241170587471e+01 -1.190146674746717004e+01 1.553842403769362779e+00
-1.465969654813088852e+01 -1.227393181655782506e+01 -1.254715165981834346e+01 -1.212237010469073262e+01 2.159057019003455036e+00
-1.494541083384517499e+01 -1.250301494624976328e+01 -1.278255132770451930e+01 -1.235012017430935316e+01 3.000000000000000000e+00
