# log10_gbar log10_gobs log10_p16 log10_p84 r_Mpc  (n=516)
-1.075503747046911940e+01 -1.033697048843353805e+01 -1.044488397905750787e+01 -1.025233361538100141e+01 2.999999999999999542e-02
-1.104075175618340587e+01 -1.037641808674292143e+01 -1.049833900710917867e+01 -1.028336179567713593e+01 4.168486483119411556e-02
-1.132646604189769057e+01 -1.042966743460905832e+01 -1.056832951051999636e+01 -1.032712267421353758e+01 5.792093186649750758e-02
-1.161218032761197705e+01 -1.049892174903014919e+01 -1.065703669474501325e+01 -1.038623497466505263e+01 8.048087385839176877e-02
-1.189789461332626352e+01 -1.058577913709874530e+01 -1.076541746173759151e+01 -1.046244601896681381e+01 1.118278116094481855e-01
-1.218360889904054822e+01 -1.069103497490603516e+01 -1.089339638283404987e+01 -1.055803307793667933e+01 1.553842403769362668e-01
-1.246932318475483470e+01 -1.081462653784727301e+01 -1.104002187073583485e+01 -1.067309738381201534e+01 2.159057019003455535e-01
-1.275503747046911940e+01 -1.095572427103965296e+01 -1.120372297091132552e+01 -1.080739224451470726e+01 2.999999999999999334e-01
-1.304075175618340587e+01 -1.111293335090931578e+01 -1.138259837635736638e+01 -1.095968642550607264e+01 4.168486483119411834e-01
-1.332646604189769057e+01 -1.128454593189604083e+01 -1.157466331652133995e+01 -1.112839168663326639e+01 5.792093186649748260e-01
-1.361218032761197705e+01 -1.146878108980293476e+01 -1.177802097486276445e+01 -1.131164393660752765e+01 8.048087385839172159e-01
-1.389789461332626352e+01 -1.166396334220435449e+01 -1.199095891643500345e+01 -1.150747144900542729e+01 1.118278116094481911e+00
-1.418360889904054822e+01 -1.186861757498660808e+01 -1.221198796010304299e+01 -1.171411831966879546e+01 1.553842403769362779e+00
-1.446932318475483470e+01 -1.208148908052377202e+01 -1.243984415202814908e+01 -1.192996482291505345e+01 2.159057019003455036e+00
-1.475503747046912117e+01 -1.230151811644092241e+01 -1.267347080128216952e+01 -1.215344768999892366e+01 3.000000000000000000e+00
