# log10_gbar log10_gobs log10_p16 log10_p84 r_Mpc  (n=507)
-1.075460799684266355e+01 -1.033725193192153036e+01 -1.044539977380275175e+01 -1.025249514760844960e+01 2.999999999999999542e-02
-1.104032228255695003e+01 -1.037670510431386006e+01 -1.049893438932691758e+01 -1.028358013415286010e+01 4.168486483119411556e-02
-1.132603656827123473e+01 -1.042995315267163647e+01 -1.056952118199453139e+01 -1.032721957966944082e+01 5.792093186649750758e-02
-1.161175085398552120e+01 -1.049919531320596811e+01 -1.065852979929631772e+01 -1.038618183313223398e+01 8.048087385839176877e-02
-1.189746513969980768e+01 -1.058602628633692966e+01 -1.076708355921733506e+01 -1.046218143822807356e+01 1.118278116094481855e-01
-1.218317942541409238e+01 -1.069123935124688884e+01 -1.089523001109538036e+01 -1.055761505685471491e+01 1.553842403769362668e-01
-1.246889371112837885e+01 -1.081477122675269875e+01 -1.104199405118367316e+01 -1.067298787054793152e+01 2.159057019003455535e-01
-1.275460799684266355e+01 -1.095579307026935290e+01 -1.120581992353799983e+01 -1.080707618785942792e+01 2.999999999999999334e-01
-1.304032228255695003e+01 -1.111291161149696016e+01 -1.138480481575127712e+01 -1.095923055237096833e+01 4.168486483119411834e-01
-1.332603656827123473e+01 -1.128442117730118888e+01 -1.157696408261233856e+01 -1.112789535006329444e+01 5.792093186649748260e-01
-1.361175085398552120e+01 -1.146854367615865122e+01 -1.178040204956398007e+01 -1.131111960624771307e+01 8.048087385839172159e-01
-1.389746513969980768e+01 -1.166360716573799472e+01 -1.199340791755607682e+01 -1.150692309753157971e+01 1.118278116094481911e+00
-1.418317942541409238e+01 -1.186814055571856130e+01 -1.221449427298400892e+01 -1.171360336567332183e+01 1.553842403769362779e+00
-1.446889371112837885e+01 -1.208089313304818191e+01 -1.244239884894078507e+01 -1.192955479962827603e+01 2.159057019003455036e+00
-1.475460799684266533e+01 -1.230080855091427239e+01 -1.267606645844355207e+01 -1.215312622227275519e+01 3.000000000000000000e+00
