# log10_gbar log10_gobs log10_p16 log10_p84 r_Mpc  (n=85565)
-1.174324351076962536e+01 -1.071751913047923388e+01 -1.088920045439455109e+01 -1.059215302565016081e+01 2.999999999999999542e-02
-1.202895779648393315e+01 -1.080190612337350231e+01 -1.099775723423912943e+01 -1.066465290201496074e+01 4.168486483119411556e-02
-1.231467208219824450e+01 -1.090452077682154020e+01 -1.112589600654407462e+01 -1.075605936707765586e+01 5.792093186649750758e-02
-1.260038636791252387e+01 -1.102553871545518582e+01 -1.127267396733361338e+01 -1.086717411976661829e+01 8.048087385839176877e-02
-1.288610065362682278e+01 -1.116442353787372532e+01 -1.143651541558147677e+01 -1.099781176865908350e+01 1.118278116094481855e-01
-1.317181493934111103e+01 -1.132007528561525511e+01 -1.161551495505102949e+01 -1.114689006545269834e+01 1.553842403769362668e-01
-1.345752922505537619e+01 -1.149101853038059318e+01 -1.180768684054712203e+01 -1.131285087921963495e+01 2.159057019003455535e-01
-1.374324351076963779e+01 -1.167558810201783537e+01 -1.201113555065715666e+01 -1.149371584511398581e+01 2.999999999999999334e-01
-1.402895779648395269e+01 -1.187208401845068018e+01 -1.222415050538084458e+01 -1.168745760844506520e+01 4.168486483119411834e-01
-1.431467208219822851e+01 -1.207888277716433123e+01 -1.244524527550149173e+01 -1.189219571612491499e+01 5.792093186649748260e-01
-1.460038636791251854e+01 -1.229450491535392942e+01 -1.267315840204815025e+01 -1.210634848501668692e+01 8.048087385839172159e-01
-1.488610065362678192e+01 -1.251764645727830327e+01 -1.290683114663224629e+01 -1.232839430084331234e+01 1.118278116094481911e+00
-1.517181493934110570e+01 -1.274718469587493352e+01 -1.314539161707618220e+01 -1.255712065176418868e+01 1.553842403769362779e+00
-1.545752922505536553e+01 -1.298216820115836434e+01 -1.338811801421751113e+01 -1.279147907032962728e+01 2.159057019003455036e+00
-1.574324351076966089e+01 -1.322179876553725997e+01 -1.363441492462799509e+01 -1.303061523239135511e+01 3.000000000000000000e+00
