morph cols: ['unique_gal_id', 'ra_gal', 'dec_gal', 'z_cgal', 'bulge_fraction', 'gr_cos']
bin1: 13656 iso, matched 13656
bin2: 2320 iso, matched 2320
bin3: 1019 iso, matched 1019
bin4: 883 iso, matched 883
TOTAL matched isolated: 17878
### LATE_sersic  n=9578
0.03000 -11.567452
0.04168 -11.853166
0.05792 -12.138880
0.08048 -12.424595
0.11183 -12.710309
0.15538 -12.996023
0.21591 -13.281737
0.30000 -13.567452
0.41685 -13.853166
0.57921 -14.138880
0.80481 -14.424595
1.11828 -14.710309
1.55384 -14.996023
2.15906 -15.281737
3.00000 -15.567452
### EARLY_sersic  n=8300
0.03000 -11.205633
0.04168 -11.491348
0.05792 -11.777062
0.08048 -12.062776
0.11183 -12.348490
0.15538 -12.634205
0.21591 -12.919919
0.30000 -13.205633
0.41685 -13.491348
0.57921 -13.777062
0.80481 -14.062776
1.11828 -14.348490
1.55384 -14.634205
2.15906 -14.919919
3.00000 -15.205633
### BLUE_color  n=645
0.03000 -11.749325
0.04168 -12.035039
0.05792 -12.320753
0.08048 -12.606468
0.11183 -12.892182
0.15538 -13.177896
0.21591 -13.463610
0.30000 -13.749325
0.41685 -14.035039
0.57921 -14.320753
0.80481 -14.606468
1.11828 -14.892182
1.55384 -15.177896
2.15906 -15.463610
3.00000 -15.749325
### RED_color  n=17233
0.03000 -11.352830
0.04168 -11.638544
0.05792 -11.924259
0.08048 -12.209973
0.11183 -12.495687
0.15538 -12.781401
0.21591 -13.067116
0.30000 -13.352830
0.41685 -13.638544
0.57921 -13.924259
0.80481 -14.209973
1.11828 -14.495687
1.55384 -14.781401
2.15906 -15.067116
3.00000 -15.352830
### DONE
